14.543  0.009
18.281  0.100
13.705  0.006
17.182  0.045
19.966  0.413
18.021  0.081
17.839  0.069
17.552  0.059
18.154  0.094
17.482  0.057
17.962  0.083
16.153  0.022
17.963  0.082
17.757  0.067
17.931  0.090
18.144  0.090
13.228  0.005
18.242  0.097
17.087  0.041
17.233  0.045
16.944  0.036
17.601  0.059
18.532  0.122
18.503  0.124
18.180  0.097
17.399  0.053
17.722  0.069
17.089  0.041
18.046  0.084
14.012  0.007
18.021  0.081
17.528  0.056
17.797  0.073
19.137  0.206
19.364  0.265
17.347  0.049
16.999  0.040
17.902  0.076
17.600  0.062
15.974  0.020
17.748  0.067
17.860  0.084
18.721  0.144
16.736  0.031
22.079  3.051
16.985  0.045
17.780  0.067
13.174  0.005
18.688  0.140
17.492  0.057
17.038  0.039
16.457  0.027
18.627  0.133
17.621  0.060
17.521  0.057
17.521  0.057
17.140  0.041
14.499  0.009
18.140  0.097
15.703  0.017
16.970  0.038
17.345  0.050
17.433  0.054
13.699  0.006
16.413  0.026
17.483  0.056
16.731  0.033
17.477  0.052
18.213  0.098
14.602  0.009
17.314  0.050
17.011  0.039
17.963  0.077
17.439  0.053
18.192  0.094
17.808  0.069
19.918  0.399
17.878  0.077
14.883  0.011
14.769  0.010
17.639  0.062
17.549  0.056
18.286  0.102
18.161  0.089
16.949  0.036
16.470  0.027
17.322  0.048
18.164  0.087
18.549  0.129
18.570  0.125
16.761  0.034
18.286  0.101
17.372  0.054
16.735  0.032
17.711  0.068
17.564  0.057
17.564  0.057
16.619  0.030
17.793  0.074
17.420  0.052
17.568  0.058
14.483  0.009
21.005  1.039
16.863  0.035
18.123  0.092
18.384  0.107
18.439  0.114
17.203  0.046
17.739  0.064
18.181  0.091
17.288  0.046
17.249  0.046
18.472  0.118
17.892  0.079
21.311  1.487
16.749  0.033
18.847  0.171
17.151  0.043
17.780  0.067
