14.543  0.009
18.292  0.101
13.706  0.006
17.181  0.045
20.053  0.446
18.036  0.082
17.845  0.070
17.532  0.058
18.146  0.094
17.471  0.056
17.971  0.084
16.153  0.022
17.938  0.079
17.744  0.066
17.940  0.090
18.166  0.092
13.228  0.005
18.272  0.100
17.100  0.041
17.238  0.045
16.938  0.036
17.604  0.059
18.533  0.122
18.512  0.125
18.213  0.101
17.404  0.053
17.726  0.068
17.101  0.042
18.068  0.086
14.013  0.007
18.046  0.083
17.553  0.057
17.820  0.075
19.112  0.202
19.385  0.270
17.362  0.050
17.007  0.040
17.914  0.077
17.623  0.063
15.975  0.021
17.757  0.067
17.859  0.084
18.743  0.146
16.747  0.032
23.728  13.887
16.996  0.045
17.788  0.067
13.174  0.005
18.705  0.143
17.513  0.058
17.041  0.039
16.463  0.027
18.645  0.135
17.628  0.060
17.521  0.057
17.521  0.057
17.137  0.041
14.499  0.009
18.190  0.102
15.705  0.017
16.971  0.038
17.345  0.050
17.448  0.055
13.699  0.006
16.419  0.026
17.495  0.056
16.746  0.033
17.491  0.053
18.235  0.099
14.602  0.009
17.327  0.050
17.037  0.040
17.994  0.079
17.454  0.054
18.180  0.093
17.807  0.069
20.063  0.455
17.888  0.078
14.883  0.011
14.770  0.010
17.648  0.063
17.572  0.057
18.304  0.103
18.167  0.090
16.955  0.037
16.479  0.027
17.318  0.047
18.177  0.088
18.597  0.135
18.626  0.132
16.764  0.034
18.320  0.104
17.391  0.055
16.733  0.032
17.700  0.068
17.560  0.057
17.560  0.057
16.622  0.030
17.786  0.074
17.423  0.052
17.569  0.058
14.483  0.009
20.974  1.010
16.870  0.035
18.129  0.093
18.382  0.106
18.459  0.116
17.216  0.047
17.743  0.064
18.193  0.091
17.294  0.046
17.252  0.046
18.485  0.120
17.919  0.082
16.755  0.033
18.887  0.178
17.168  0.044
17.796  0.068
