17.916  0.239
13.414  0.006
16.863  0.091
17.463  0.154
17.456  0.148
17.372  0.144
17.770  0.210
18.042  0.297
16.501  0.073
15.874  0.038
18.076  0.290
17.454  0.149
14.870  0.018
17.687  0.186
12.943  0.005
18.898  0.578
16.971  0.102
16.739  0.082
16.436  0.064
17.147  0.116
17.066  0.109
18.137  0.302
16.910  0.094
16.907  0.094
17.064  0.110
17.322  0.136
13.717  0.008
17.664  0.195
17.238  0.125
17.240  0.131
18.741  0.535
20.032  1.634
17.071  0.106
16.601  0.070
17.280  0.128
16.926  0.104
15.633  0.032
17.338  0.139
16.490  0.068
18.401  0.368
16.484  0.062
18.921  0.605
13.100  0.005
12.858  0.005
18.711  0.481
16.505  0.068
16.730  0.085
16.136  0.049
18.613  0.430
17.088  0.107
16.665  0.074
14.227  0.011
15.991  0.045
15.458  0.026
16.702  0.077
17.233  0.135
16.932  0.098
13.409  0.006
16.042  0.043
16.927  0.105
16.367  0.062
17.241  0.124
17.641  0.191
14.307  0.011
16.717  0.079
16.411  0.060
18.146  0.292
17.095  0.109
17.578  0.175
17.888  0.225
19.071  0.672
17.272  0.144
14.607  0.014
14.466  0.013
17.574  0.173
16.990  0.097
17.704  0.186
17.789  0.195
16.631  0.075
16.151  0.049
16.924  0.092
17.510  0.158
17.459  0.157
18.406  0.370
16.065  0.045
17.065  0.102
16.395  0.062
16.465  0.062
17.392  0.155
16.863  0.090
16.863  0.090
16.377  0.059
17.545  0.168
17.051  0.105
17.318  0.144
14.196  0.011
19.888  1.390
16.184  0.053
16.244  0.055
18.652  0.456
16.924  0.091
17.161  0.118
18.427  0.352
16.491  0.061
17.173  0.121
17.503  0.157
17.596  0.185
16.233  0.054
16.179  0.051
16.587  0.079
