18.112  0.285
13.412  0.006
16.875  0.091
17.731  0.198
17.441  0.146
17.310  0.136
17.681  0.194
17.950  0.273
16.536  0.075
15.883  0.039
17.977  0.265
17.415  0.145
14.871  0.018
17.769  0.200
12.944  0.005
18.438  0.380
17.115  0.116
17.053  0.108
16.593  0.074
17.199  0.122
17.060  0.108
19.117  0.752
16.956  0.098
16.981  0.101
17.103  0.114
17.392  0.146
13.727  0.008
17.962  0.257
17.423  0.149
17.458  0.158
19.811  1.447
22.937  23.710
17.080  0.107
16.637  0.073
17.554  0.164
17.036  0.116
15.668  0.033
17.428  0.153
16.569  0.074
18.520  0.410
16.512  0.063
20.186  1.924
13.103  0.005
12.860  0.005
19.077  0.674
16.504  0.068
16.867  0.097
16.191  0.052
18.642  0.442
17.269  0.126
16.646  0.073
14.233  0.011
16.022  0.047
15.464  0.026
16.720  0.078
17.367  0.153
16.918  0.096
13.410  0.006
16.107  0.045
17.044  0.116
16.408  0.064
17.358  0.138
17.929  0.250
14.310  0.011
16.679  0.077
16.475  0.064
18.397  0.371
17.229  0.124
17.505  0.164
18.074  0.268
17.278  0.145
14.606  0.014
14.482  0.013
17.712  0.197
17.020  0.100
17.750  0.196
17.767  0.191
16.741  0.082
16.231  0.052
17.023  0.100
17.788  0.203
17.681  0.192
18.213  0.311
16.094  0.047
17.250  0.121
16.387  0.062
16.491  0.064
17.345  0.148
16.934  0.096
16.934  0.096
16.377  0.059
17.752  0.204
17.116  0.112
17.462  0.165
14.204  0.011
16.254  0.056
16.307  0.057
18.919  0.590
16.908  0.090
17.193  0.121
18.786  0.489
16.520  0.062
17.252  0.130
17.425  0.147
17.775  0.217
16.235  0.054
16.214  0.052
16.703  0.088

