17.257  0.634
16.846  0.422
15.967  0.171
12.867  0.011
12.871  0.011
15.770  0.140
15.406  0.111
12.862  0.011
12.827  0.010
16.377  0.279
15.330  0.101
12.889  0.011
13.873  0.026
16.592  0.318
15.367  0.108
15.790  0.152
13.646  0.022
16.468  0.279
13.535  0.019  
16.946  0.463
13.623  0.021
15.299  0.094
15.397  0.098
15.336  0.096
16.456  0.276
19.083  3.049
12.750  0.010  
16.209  0.233
12.738  0.009
16.087  0.199
16.136  0.211
15.774  0.149
12.724  0.009  
12.712  0.009
15.871  0.154  
12.762  0.010
12.652  0.008
18.066  1.134
16.681  0.355 
16.640  0.310  
14.712  0.055
15.761  0.149
13.859  0.027
15.247  0.092  
13.859  0.024  
14.916  0.068
14.078  0.031  
15.151  0.081
15.530  0.117
14.473  0.043
15.920  0.170
15.571  0.127
14.186  0.034
15.841  0.159  
14.578  0.047
14.398  0.042
17.163  0.521
15.891  0.166
15.797  0.146
16.588  0.312
15.854  0.157
16.152  0.207
16.452  0.268
15.635  0.134
15.670  0.132
15.731  0.134  
16.582  0.298  
14.802  0.060
16.169  0.220
16.169  0.220
15.319  0.099
15.123  0.082
15.444  0.106  
14.115  0.032
16.117  0.193
14.973  0.074
15.217  0.090
15.516  0.110
16.666  0.336  
14.484  0.043
16.820  0.364
16.354  0.256
15.791  0.153
16.124  0.201  
