186.928  5.081  1
63.645  19.146  2
288.709  20.875  3
18.111  26.531  4
184.235  42.323  5
227.026  45.400  6
248.771  49.519  7
214.682  64.686  8
132.904  66.883  9
81.909  69.369  10
189.784  68.422  11
230.192  69.584  12
295.818  70.809  13
196.440  72.463  14
192.107  82.943  15
32.623  83.608  16
154.889  102.212  17
20.912  102.676  18
176.381  106.463  19
256.063  111.674  20
210.850  115.163  21
287.544  120.038  22
297.506  121.223  23
101.580  128.201  24
206.640  128.542  25
104.149  134.751  26
234.344  134.209  27
308.486  146.364  28
270.447  148.174  29
231.307  149.194  30
69.428  160.943  31
132.105  162.378  32
83.076  163.166  33
199.717  170.147  34
311.894  171.846  35
251.291  174.034  36
194.102  175.626  37
41.608  178.770  38
183.121  180.660  39
15.118  182.580  40
183.789  189.155  41
290.498  192.694  42
211.456  193.941  43
185.086  212.387  44
255.905  219.319  45
63.473  227.379  46
298.817  228.176  47
311.025  228.811  48
234.795  234.116  49
165.455  235.997  50
205.687  236.033  51
277.627  240.458  52
272.122  255.670  53
20.884  258.262  54
142.941  258.634  55
310.006  259.782  56
291.632  273.490  57
30.049  284.528  58
277.342  285.363  59
149.712  286.064  60
196.833  291.677  61
187.355  295.750  62
225.201  295.575  63
254.764  296.603  64
226.748  310.433  65
312.897  319.263  66
44.450  322.618  67
208.906  323.845  68
119.888  324.958  69
276.149  339.678  70
243.809  343.621  71
270.624  360.480  72
129.402  362.603  73
190.444  372.238  74
265.687  381.601  75
294.832  396.661  76
209.940  404.876  77
295.071  406.300  78
26.312  406.691  79
267.393  408.344  80
66.365  410.614  81
42.757  412.421  82
257.252  416.022  83
307.988  416.390  84
241.523  417.407  85
104.378  425.703  86
271.344  427.684  87
313.382  448.635  88
124.628  450.946  89
68.097  455.710  90
257.822  462.295  91
254.074  475.252  92
294.425  479.307  93
259.960  493.267  94
178.540  498.427  95
101.668  505.890  96
