182.324  7.268  1
58.955  21.236  2
284.055  23.081  3
13.311  28.404  4
179.809  44.157  5
222.265  47.527  6
210.083  66.912  7
185.311  71.005  8
77.158  71.512  9
225.713  71.828  10
291.188  73.164  11
191.976  74.657  12
27.826  85.391  13
187.548  85.150  14
150.243  104.396  15
16.175  104.885  16
171.905  108.629  17
251.404  114.065  18
133.995  115.027  19
312.715  119.833  20
188.043  121.308  21
283.079  122.367  22
293.013  123.604  23
202.151  130.807  24
99.376  136.546  25
229.815  136.430  26
303.792  148.670  27
265.851  150.137  28
226.474  151.030  29
90.198  154.955  30
100.143  158.051  31
64.958  163.000  32
78.430  165.314  33
127.641  164.664  34
195.068  172.288  35
307.273  174.069  36
246.740  176.124  37
189.753  177.959  38
36.745  180.836  39
178.580  183.248  40
10.408  184.584  41
179.305  191.477  42
285.840  195.039  43
206.901  196.197  44
180.513  214.653  45
93.268  218.214  46
251.131  221.369  47
313.376  226.525  48
312.279  228.375  49
58.730  229.735  50
294.345  230.470  51
306.360  230.831  52
160.835  238.235  53
201.234  238.312  54
272.991  242.861  55
267.408  257.639  56
16.146  260.656  57
138.173  260.898  58
305.599  262.133  59
287.114  275.664  60
25.163  286.857  61
273.046  287.596  62
145.123  288.334  63
192.082  293.973  64
182.727  298.238  65
220.866  297.944  66
250.298  298.936  67
277.311  312.165  68
222.050  312.728  69
246.292  315.429  70
308.304  321.630  71
39.728  324.950  72
204.367  326.178  73
115.329  326.876  74
239.211  345.782  75
81.788  352.532  76
266.135  362.622  77
124.654  365.148  78
185.743  374.346  79
261.194  383.896  80
55.939  398.795  81
290.208  398.958  82
205.420  407.014  83
290.494  408.668  84
21.538  409.036  85
262.851  410.550  86
63.896  413.285  87
37.926  414.793  88
252.728  418.569  89
237.031  419.781  90
303.587  418.853  91
99.782  428.135  92
266.721  429.981  93
273.908  431.768  94
308.833  450.839  95
120.028  453.353  96
63.257  457.968  97
253.247  464.557  98
249.582  477.552  99
269.422  479.474  100
289.923  481.726  101
296.067  486.778  102
255.467  495.735  103
174.012  501.062  104
