186.928  5.081  1
312.971  8.067  2
63.645  19.146  3
288.709  20.875  4
18.111  26.531  5
184.235  42.323  6
227.026  45.400  7
248.771  49.519  8
214.682  64.686  9
132.904  66.883  10
81.909  69.369  11
189.784  68.422  12
230.192  69.584  13
295.818  70.809  14
196.440  72.463  15
192.107  82.943  16
32.623  83.608  17
238.845  86.677  18
110.520  88.729  19
154.889  102.212  20
20.912  102.676  21
176.381  106.463  22
256.063  111.674  23
210.850  115.163  24
141.785  116.459  25
192.971  118.765  26
287.544  120.038  27
297.506  121.223  28
101.580  128.201  29
206.640  128.542  30
104.149  134.751  31
234.344  134.209  32
308.486  146.364  33
270.447  148.174  34
231.307  149.194  35
69.428  160.943  36
132.105  162.378  37
83.076  163.166  38
199.717  170.147  39
311.894  171.846  40
251.291  174.034  41
194.102  175.626  42
84.405  177.996  43
41.608  178.770  44
297.640  178.517  45
183.121  180.660  46
15.118  182.580  47
183.789  189.155  48
70.809  191.534  49
290.498  192.694  50
211.456  193.941  51
185.086  212.387  52
274.540  214.553  53
255.905  219.319  54
63.473  227.379  55
298.817  228.176  56
311.025  228.811  57
234.795  234.116  58
165.455  235.997  59
205.687  236.033  60
277.627  240.458  61
296.311  254.458  62
272.122  255.670  63
20.884  258.262  64
142.941  258.634  65
310.006  259.782  66
291.632  273.490  67
30.049  284.528  68
277.342  285.363  69
149.712  286.064  70
196.833  291.677  71
187.355  295.750  72
225.201  295.575  73
254.764  296.603  74
226.748  310.433  75
281.629  310.099  76
86.033  314.368  77
312.897  319.263  78
44.450  322.618  79
208.906  323.845  80
119.888  324.958  81
276.149  339.678  82
243.809  343.621  83
85.192  349.985  84
270.624  360.480  85
129.402  362.603  86
190.444  372.238  87
265.687  381.601  88
202.041  394.818  89
294.832  396.661  90
104.398  402.179  91
203.897  402.937  92
209.940  404.876  93
295.071  406.300  94
26.312  406.691  95
267.393  408.344  96
66.365  410.614  97
68.638  411.116  98
42.757  412.421  99
257.252  416.022  100
307.988  416.390  101
241.523  417.407  102
104.378  425.703  103
271.344  427.684  104
278.940  429.535  105
250.548  443.529  106
313.382  448.635  107
74.775  450.030  108
124.628  450.946  109
170.150  453.543  110
68.097  455.710  111
69.605  460.563  112
257.822  462.295  113
254.074  475.252  114
294.425  479.307  115
276.701  488.428  116
259.960  493.267  117
178.540  498.427  118
101.668  505.890  119
