182.323  7.241  1
213.166  18.978  2
58.975  21.240  3
284.050  23.145  4
179.594  44.502  5
222.379  47.646  6
244.039  51.822  7
311.658  61.970  8
209.999  66.964  9
185.024  70.831  10
77.157  71.461  11
225.649  71.886  12
291.193  73.169  13
191.739  74.628  14
159.531  80.970  15
187.531  85.141  16
27.640  85.567  17
234.525  89.033  18
105.653  90.991  19
150.267  104.493  20
16.181  104.925  21
171.894  108.597  22
251.558  114.009  23
206.141  117.460  24
282.842  122.416  25
292.969  123.700  26
202.202  130.802  27
229.791  136.463  28
99.617  136.808  29
303.926  148.766  30
265.888  150.067  31
226.589  151.303  32
90.369  154.667  33
64.872  163.031  34
127.486  164.416  35
78.442  165.295  36
195.039  172.365  37
307.335  174.107  38
189.585  177.917  39
246.748  176.132  40
36.781  180.857  41
178.566  182.861  42
10.448  184.599  43
179.319  191.452  44
189.014  195.049  45
285.753  194.926  46
206.792  196.113  47
180.447  214.637  48
269.803  216.981  49
251.367  221.512  50
313.648  226.606  51
58.803  229.450  52
294.320  230.522  53
160.860  238.235  54
201.189  238.446  55
272.988  242.940  56
267.431  257.802  57
16.179  260.570  58
138.277  260.852  59
305.375  262.189  60
287.141  275.655  61
193.131  280.758  62
25.343  286.809  63
145.148  288.311  64
272.867  287.690  65
192.200  293.935  66
182.787  298.140  67
220.705  297.883  68
250.283  298.926  69
222.001  312.915  70
308.428  321.920  71
39.806  324.902  72
204.372  326.160  73
115.225  327.009  74
271.954  342.232  75
239.273  346.028  76
80.614  352.648  77
266.072  362.741  78
124.726  365.072  79
185.849  374.471  80
261.218  384.098  81
290.328  398.934  82
205.212  407.058  83
21.566  408.986  84
290.656  408.643  85
263.044  410.363  86
64.021  413.323  87
37.981  414.790  88
252.580  418.357  89
303.454  418.621  90
236.836  419.720  91
99.818  428.051  92
266.720  429.999  93
273.964  431.745  94
245.945  445.646  95
308.991  450.890  96
120.000  453.225  97
165.411  456.018  98
63.433  458.055  99
253.182  464.452  100
249.618  477.345  101
290.063  481.413  102
272.252  490.547  103
255.538  495.452  104
263.019  496.531  105
173.949  500.521  106
97.050  508.140  107
