187.431  6.762  1
64.136  20.806  2
289.164  22.705  3
227.560  47.135  4
249.490  51.241  5
215.153  66.548  6
82.370  71.025  7
190.483  70.265  8
196.967  74.423  9
296.155  72.398  10
167.834  76.198  11
192.622  84.678  12
155.430  103.964  13
21.314  104.408  14
176.970  108.257  15
256.634  113.373  16
288.039  121.739  17
298.178  123.062  18
207.231  130.125  19
234.873  135.951  20
270.950  149.753  21
231.740  151.173  22
70.055  162.693  23
83.581  164.916  24
132.719  164.074  25
200.273  172.061  26
312.319  173.588  27
251.691  175.753  28
194.668  177.289  29
41.989  180.556  30
183.758  182.709  31
184.368  190.927  32
290.786  194.672  33
212.046  195.705  34
185.649  214.247  35
256.466  221.116  36
63.818  229.038  37
299.367  229.992  38
165.976  237.731  39
206.274  237.802  40
278.106  242.320  41
272.537  257.487  42
21.408  259.977  43
143.415  260.260  44
310.575  261.699  45
292.252  275.194  46
30.411  286.454  47
150.275  287.761  48
197.259  293.325  49
187.887  297.408  50
255.269  298.187  51
227.004  311.906  52
313.238  321.359  53
45.044  324.275  54
209.509  325.638  55
120.387  326.518  56
244.157  345.116  57
271.258  362.240  58
129.965  364.393  59
191.058  373.973  60
295.465  398.300  61
295.651  407.809  62
26.793  408.462  63
268.159  409.767  64
43.138  414.090  65
257.983  417.794  66
308.624  418.156  67
241.979  419.252  68
104.987  427.441  69
271.976  429.341  70
314.425  450.230  71
68.761  457.478  72
258.534  463.684  73
254.789  476.719  74
295.083  480.899  75
260.736  495.174  76
