182.323  7.241  1
4.531  9.221  2
213.166  18.978  3
58.975  21.240  4
284.050  23.145  5
13.337  28.551  6
179.594  44.502  7
222.379  47.646  8
244.039  51.822  9
311.658  61.970  10
209.999  66.964  11
128.259  69.069  12
185.024  70.831  13
77.157  71.461  14
225.649  71.886  15
291.193  73.169  16
191.739  74.628  17
159.531  80.970  18
187.531  85.141  19
27.640  85.567  20
234.525  89.033  21
105.653  90.991  22
150.267  104.493  23
16.181  104.925  24
171.894  108.597  25
226.711  108.921  26
313.722  109.101  27
251.558  114.009  28
206.141  117.460  29
312.980  120.043  30
188.386  121.018  31
282.842  122.416  32
292.969  123.700  33
97.000  130.379  34
292.791  130.022  35
202.202  130.802  36
229.791  136.463  37
99.617  136.808  38
303.926  148.766  39
265.888  150.067  40
226.589  151.303  41
90.369  154.667  42
112.805  156.497  43
64.872  163.031  44
127.486  164.416  45
78.442  165.295  46
195.039  172.365  47
307.335  174.107  48
189.585  177.917  49
246.748  176.132  50
150.707  177.861  51
36.781  180.857  52
79.416  180.105  53
178.566  182.861  54
10.448  184.599  55
163.415  187.758  56
179.319  191.452  57
189.014  195.049  58
285.753  194.926  59
206.792  196.113  60
294.129  211.546  61
180.447  214.637  62
269.803  216.981  63
251.367  221.512  64
313.648  226.606  65
58.803  229.450  66
306.204  231.885  67
294.320  230.522  68
160.860  238.235  69
201.189  238.446  70
272.988  242.940  71
291.939  256.886  72
267.431  257.802  73
16.179  260.570  74
138.277  260.852  75
305.375  262.189  76
143.046  272.485  77
280.071  271.840  78
287.141  275.655  79
193.131  280.758  80
25.343  286.809  81
145.148  288.311  82
272.867  287.690  83
192.200  293.935  84
182.787  298.140  85
220.705  297.883  86
250.283  298.926  87
222.001  312.915  88
308.428  321.920  89
39.806  324.902  90
204.372  326.160  91
115.225  327.009  92
271.954  342.232  93
239.273  346.028  94
177.518  351.827  95
80.614  352.648  96
288.173  356.548  97
106.099  355.633  98
266.072  362.741  99
124.726  365.072  100
170.284  366.782  101
185.849  374.471  102
224.635  383.870  103
261.218  384.098  104
197.093  397.294  105
290.328  398.934  106
99.489  404.668  107
199.294  405.484  108
205.212  407.058  109
21.566  408.986  110
290.656  408.643  111
263.044  410.363  112
64.021  413.323  113
37.981  414.790  114
252.580  418.357  115
303.454  418.621  116
236.836  419.720  117
290.668  426.818  118
99.818  428.051  119
266.720  429.999  120
273.964  431.745  121
52.033  435.257  122
282.364  441.139  123
245.945  445.646  124
308.991  450.890  125
120.000  453.225  126
165.411  456.018  127
63.433  458.055  128
65.026  462.900  129
253.182  464.452  130
160.183  471.934  131
249.618  477.345  132
290.063  481.413  133
295.692  486.491  134
272.252  490.547  135
302.748  494.707  136
255.538  495.452  137
263.019  496.531  138
173.949  500.521  139
97.050  508.140  140
