186.928  5.081  1
63.645  19.146  2
288.709  20.875  3
214.682  64.686  4
81.909  69.369  5
192.107  82.943  6
154.889  102.212  7
20.912  102.676  8
176.381  106.463  9
256.063  111.674  10
287.544  120.038  11
206.640  128.542  12
234.344  134.209  13
69.428  160.943  14
83.076  163.166  15
199.717  170.147  16
311.894  171.846  17
41.608  178.770  18
183.121  180.660  19
183.789  189.155  20
290.498  192.694  21
211.456  193.941  22
185.086  212.387  23
63.473  227.379  24
298.817  228.176  25
165.455  235.997  26
205.687  236.033  27
277.627  240.458  28
272.122  255.670  29
20.884  258.262  30
142.941  258.634  31
310.006  259.782  32
291.632  273.490  33
30.049  284.528  34
149.712  286.064  35
196.833  291.677  36
187.355  295.750  37
44.450  322.618  38
208.906  323.845  39
243.809  343.621  40
270.624  360.480  41
129.402  362.603  42
190.444  372.238  43
294.832  396.661  44
26.312  406.691  45
267.393  408.344  46
42.757  412.421  47
307.988  416.390  48
241.523  417.407  49
104.378  425.703  50
271.344  427.684  51
313.382  448.635  52
68.097  455.710  53
257.822  462.295  54
294.425  479.307  55
259.960  493.267  56
