187.431  6.762  1
64.136  20.806  2
289.164  22.705  3
227.560  47.135  4
215.153  66.548  5
82.370  71.025  6
192.622  84.678  7
155.430  103.964  8
21.314  104.408  9
176.970  108.257  10
256.634  113.373  11
288.039  121.739  12
298.178  123.062  13
207.231  130.125  14
234.873  135.951  15
270.950  149.753  16
70.055  162.693  17
83.581  164.916  18
312.319  173.588  19
41.989  180.556  20
183.758  182.709  21
184.368  190.927  22
212.046  195.705  23
185.649  214.247  24
63.818  229.038  25
299.367  229.992  26
165.976  237.731  27
206.274  237.802  28
278.106  242.320  29
272.537  257.487  30
21.408  259.977  31
143.415  260.260  32
310.575  261.699  33
292.252  275.194  34
30.411  286.454  35
150.275  287.761  36
197.259  293.325  37
187.887  297.408  38
45.044  324.275  39
209.509  325.638  40
271.258  362.240  41
129.965  364.393  42
191.058  373.973  43
295.465  398.300  44
26.793  408.462  45
43.138  414.090  46
257.983  417.794  47
308.624  418.156  48
241.979  419.252  49
104.987  427.441  50
271.976  429.341  51
314.425  450.230  52
68.761  457.478  53
258.534  463.684  54
295.083  480.899  55
260.736  495.174  56
