182.324  7.268  1
69.824  8.396  2
308.450  10.317  3
212.226  18.990  4
58.955  21.236  5
284.055  23.081  6
8.397  27.115  7
13.311  28.404  8
157.578  30.665  9
38.173  33.321  10
93.782  32.912  11
197.915  32.708  12
296.283  34.987  13
97.917  37.424  14
193.799  41.315  15
179.809  44.157  16
114.019  46.426  17
222.265  47.527  18
244.066  51.720  19
306.427  54.299  20
218.378  58.082  21
210.083  66.912  22
136.838  70.116  23
264.287  69.956  24
185.311  71.005  25
77.158  71.512  26
225.713  71.828  27
301.826  71.647  28
291.188  73.164  29
191.976  74.657  30
304.561  74.045  31
260.923  80.630  32
27.826  85.391  33
187.548  85.150  34
203.285  84.594  35
234.489  88.889  36
105.597  91.491  37
19.336  95.592  38
195.989  103.003  39
150.243  104.396  40
16.175  104.885  41
171.905  108.629  42
143.778  111.280  43
251.404  114.065  44
133.995  115.027  45
206.002  117.196  46
312.715  119.833  47
188.043  121.308  48
283.079  122.367  49
293.013  123.604  50
202.151  130.807  51
293.384  130.490  52
91.081  135.346  53
137.915  135.221  54
99.376  136.546  55
229.815  136.430  56
277.218  136.252  57
235.702  140.794  58
303.792  148.670  59
265.851  150.137  60
72.295  151.473  61
226.474  151.030  62
107.055  153.666  63
38.925  155.256  64
90.198  154.955  65
100.143  158.051  66
64.958  163.000  67
195.246  162.948  68
78.430  165.314  69
127.641  164.664  70
271.643  165.096  71
169.542  167.039  72
194.790  167.581  73
209.638  169.020  74
195.068  172.288  75
307.273  174.069  76
246.740  176.124  77
189.753  177.959  78
269.043  178.820  79
79.273  180.219  80
36.745  180.836  81
261.952  180.649  82
178.580  183.248  83
87.318  183.021  84
10.408  184.584  85
101.802  186.872  86
179.305  191.477  87
66.122  194.220  88
285.840  195.039  89
206.901  196.197  90
291.703  201.917  91
12.436  205.671  92
131.602  211.629  93
180.513  214.653  94
142.464  217.014  95
270.358  216.883  96
14.106  217.473  97
93.268  218.214  98
137.895  220.985  99
251.131  221.369  100
58.064  223.831  101
313.376  226.525  102
51.214  228.152  103
207.555  228.733  104
312.279  228.375  105
58.730  229.735  106
294.345  230.470  107
306.360  230.831  108
230.102  236.213  109
160.835  238.235  110
201.234  238.312  111
272.991  242.861  112
271.946  254.212  113
52.178  255.409  114
291.597  256.759  115
267.408  257.639  116
16.146  260.656  117
138.173  260.898  118
305.599  262.133  119
70.228  266.204  120
280.125  271.975  121
35.153  274.305  122
241.216  276.660  123
287.114  275.664  124
193.463  280.831  125
25.163  286.857  126
273.046  287.596  127
145.123  288.334  128
192.082  293.973  129
182.727  298.238  130
220.866  297.944  131
250.298  298.936  132
17.018  304.144  133
203.790  305.578  134
273.656  307.809  135
277.311  312.165  136
222.050  312.728  137
246.292  315.429  138
308.304  321.630  139
16.143  322.876  140
276.621  323.771  141
39.728  324.950  142
204.367  326.178  143
115.329  326.876  144
208.000  339.653  145
315.206  345.716  146
239.211  345.782  147
177.482  351.656  148
81.788  352.532  149
296.330  359.145  150
266.135  362.622  151
124.654  365.148  152
311.766  369.824  153
185.743  374.346  154
261.194  383.896  155
249.235  387.301  156
246.456  388.696  157
291.197  391.345  158
177.086  393.756  159
116.492  393.805  160
197.185  397.248  161
208.820  397.790  162
55.939  398.795  163
290.208  398.958  164
199.152  405.581  165
205.420  407.014  166
271.712  407.639  167
69.695  407.812  168
290.494  408.668  169
21.538  409.036  170
262.851  410.550  171
63.896  413.285  172
62.209  413.268  173
37.926  414.793  174
252.728  418.569  175
237.031  419.781  176
303.587  418.853  177
81.737  423.478  178
264.294  424.361  179
251.662  426.451  180
99.782  428.135  181
192.881  429.923  182
266.721  429.981  183
273.908  431.768  184
52.220  435.588  185
313.113  444.097  186
245.959  445.683  187
69.996  452.680  188
308.833  450.839  189
120.028  453.353  190
165.496  455.888  191
99.881  456.862  192
63.257  457.968  193
64.806  462.960  194
253.247  464.557  195
159.957  471.677  196
249.582  477.552  197
269.422  479.474  198
289.923  481.726  199
296.067  486.778  200
255.467  495.735  201
174.012  501.062  202
96.854  508.478  203
