26.003  0.542  1
78.930  0.900  2
241.090  1.164  3
15.324  1.819  4
20.742  2.195  5
61.225  2.599  6
171.688  3.016  7
174.788  2.679  8
206.093  3.159  9
281.082  1.825  10
2.961  2.659  11
43.988  3.707  12
131.964  4.392  13
152.094  1.763  14
163.501  2.828  15
202.769  3.948  16
221.578  3.374  17
231.922  3.731  18
267.289  2.730  19
32.100  4.123  20
47.279  3.900  21
92.005  4.023  22
97.543  4.719  23
135.212  4.314  24
144.198  3.438  25
146.607  3.494  26
246.546  1.821  27
290.768  3.890  28
38.860  6.636  29
79.269  5.474  30
295.157  5.457  31
30.725  6.022  32
83.654  6.271  33
118.910  6.062  34
129.559  4.848  35
178.002  6.085  36
213.140  6.737  37
222.692  5.702  38
230.923  6.164  39
249.720  5.882  40
269.034  5.516  41
282.009  6.107  42
284.909  5.565  43
288.394  5.931  44
60.544  6.810  45
62.996  7.303  46
87.142  7.511  47
100.719  6.256  48
140.190  7.499  49
173.928  7.405  50
187.431  6.762  51
240.785  7.079  52
244.167  7.636  53
261.450  6.818  54
302.556  7.140  55
8.687  8.366  56
46.079  8.374  57
163.094  8.546  58
174.297  7.516  59
206.352  7.957  60
298.154  7.530  61
306.842  7.739  62
27.707  8.349  63
110.605  9.312  64
114.815  8.632  65
148.152  7.271  66
218.621  9.578  67
222.310  9.645  68
248.264  9.666  69
14.882  8.684  70
49.770  10.101  71
53.964  10.537  72
82.257  9.464  73
241.974  11.538  74
270.557  10.529  75
19.135  11.156  76
55.651  11.679  77
68.845  10.856  78
120.244  11.726  79
133.124  10.674  80
136.878  11.208  81
195.270  11.223  82
232.617  10.703  83
11.570  11.046  84
146.166  12.881  85
163.267  13.239  86
173.108  13.392  87
251.513  13.428  88
270.717  13.112  89
68.402  14.000  90
95.044  11.758  91
100.051  13.413  92
152.826  14.476  93
310.114  13.641  94
39.290  15.044  95
132.692  15.251  96
134.693  15.830  97
165.683  15.370  98
264.505  14.163  99
281.516  13.825  100
8.328  17.079  101
50.754  15.460  102
74.128  15.972  103
84.320  16.590  104
98.104  15.828  105
187.885  14.140  106
201.668  16.433  107
259.197  16.458  108
270.507  15.650  109
36.189  15.371  110
117.373  17.455  111
127.768  17.735  112
136.494  17.143  113
173.931  16.766  114
247.676  17.691  115
270.274  16.365  116
308.308  16.918  117
79.470  18.969  118
95.603  18.227  119
217.997  18.369  120
240.485  17.364  121
244.390  17.737  122
12.152  18.094  123
23.960  18.523  124
45.642  19.344  125
118.186  18.234  126
198.693  19.249  127
205.120  18.905  128
260.977  19.236  129
272.675  19.579  130
11.142  17.548  131
30.482  20.251  132
38.922  21.045  133
110.837  20.194  134
130.779  19.557  135
156.614  19.860  136
169.184  20.034  137
252.083  21.757  138
300.846  19.259  139
44.505  22.071  140
64.136  20.806  141
101.952  21.216  142
137.365  20.874  143
149.362  21.233  144
156.098  20.719  145
255.109  21.225  146
306.168  20.611  147
11.858  20.442  148
93.263  22.271  149
107.754  22.052  150
126.733  21.757  151
242.489  22.619  152
273.029  22.028  153
1.592  22.687  154
9.636  22.493  155
35.609  22.806  156
169.694  24.512  157
263.666  21.986  158
289.164  22.705  159
309.278  24.565  160
27.583  23.855  161
54.169  23.735  162
85.218  23.177  163
185.093  23.508  164
189.357  23.530  165
270.915  23.864  166
280.748  24.225  167
311.697  24.904  168
95.698  24.822  169
104.675  24.942  170
146.519  24.853  171
151.559  24.024  172
208.461  24.728  173
217.538  24.454  174
243.326  25.256  175
259.024  27.011  176
5.039  26.442  177
87.920  25.274  178
223.330  25.887  179
275.194  26.963  180
278.214  26.098  181
32.751  27.595  182
89.925  28.477  183
118.071  27.023  184
124.142  26.630  185
204.019  27.374  186
214.089  26.934  187
280.581  26.910  188
34.452  27.677  189
119.335  26.515  190
275.973  28.042  191
18.599  28.191  192
139.985  31.083  193
162.487  29.583  194
173.966  28.790  195
289.797  28.372  196
27.073  30.055  197
99.959  30.179  198
114.137  30.134  199
134.565  30.423  200
145.731  29.900  201
152.514  32.270  202
247.151  30.241  203
261.780  29.108  204
59.425  30.884  205
82.984  30.925  206
220.519  30.727  207
20.207  30.611  208
55.116  31.739  209
109.657  31.492  210
198.860  32.142  211
215.524  32.220  212
279.444  30.687  213
282.382  31.865  214
295.270  32.216  215
44.673  32.385  216
120.395  33.491  217
140.429  33.034  218
180.746  32.164  219
188.798  32.917  220
211.472  33.118  221
310.430  32.914  222
38.179  33.043  223
89.443  34.204  224
111.854  33.861  225
192.979  34.000  226
230.886  34.020  227
5.204  35.147  228
14.596  34.675  229
18.801  35.327  230
24.714  35.025  231
130.618  34.926  232
144.252  34.096  233
156.639  35.254  234
286.532  36.358  235
301.900  34.945  236
28.693  35.736  237
34.137  36.645  238
96.296  36.543  239
113.589  37.006  240
122.960  36.158  241
198.404  35.892  242
214.376  35.993  243
228.346  37.195  244
235.647  35.508  245
242.094  35.415  246
278.761  35.712  247
52.354  37.094  248
77.425  35.459  249
85.657  37.261  250
107.098  37.125  251
112.589  36.920  252
135.631  37.596  253
138.779  36.155  254
181.524  37.954  255
220.930  37.497  256
263.081  37.101  257
104.976  37.970  258
116.511  39.130  259
184.432  38.942  260
202.185  38.885  261
228.947  36.561  262
272.943  38.066  263
277.438  37.726  264
37.029  39.340  265
73.280  38.096  266
125.330  39.226  267
143.441  39.006  268
174.930  38.193  269
286.927  38.367  270
293.533  38.578  271
10.088  39.410  272
44.171  40.311  273
48.048  41.827  274
77.945  40.515  275
95.296  39.526  276
118.684  40.457  277
132.810  39.171  278
229.924  38.107  279
245.674  41.849  280
252.567  40.002  281
308.310  40.234  282
25.100  41.484  283
39.558  39.922  284
57.317  40.490  285
67.917  40.488  286
110.696  40.404  287
263.313  41.407  288
280.475  41.282  289
302.339  40.365  290
59.487  41.805  291
124.111  42.178  292
169.089  43.361  293
177.392  42.330  294
206.226  41.855  295
309.442  41.681  296
5.262  43.101  297
34.011  42.971  298
88.937  43.282  299
150.905  42.329  300
221.275  44.349  301
285.664  41.921  302
39.278  43.537  303
57.226  45.232  304
126.758  43.587  305
184.859  43.831  306
291.225  43.891  307
16.719  44.249  308
46.117  45.008  309
72.871  44.903  310
146.491  45.470  311
223.912  45.096  312
235.185  46.313  313
10.853  46.107  314
89.185  45.265  315
101.871  44.747  316
169.251  44.376  317
177.448  44.748  318
267.417  47.793  319
279.163  46.318  320
286.530  46.025  321
33.905  46.233  322
57.007  46.650  323
97.493  47.274  324
227.560  47.135  325
238.578  47.528  326
78.533  47.852  327
84.379  48.218  328
90.665  48.096  329
106.082  48.276  330
118.357  47.863  331
235.070  47.770  332
289.247  48.516  333
47.149  49.059  334
73.741  49.111  335
89.740  48.523  336
163.904  49.067  337
219.695  47.529  338
301.612  49.491  339
39.661  49.489  340
48.727  49.971  341
142.250  50.124  342
170.811  50.128  343
206.072  48.929  344
233.738  49.859  345
237.110  50.332  346
279.409  51.147  347
312.210  49.588  348
84.867  51.245  349
117.007  51.163  350
154.274  50.278  351
187.461  50.326  352
249.490  51.241  353
290.479  52.051  354
295.434  51.777  355
305.645  49.960  356
104.997  51.190  357
110.286  51.612  358
119.641  51.881  359
137.995  50.993  360
255.237  52.260  361
270.479  51.376  362
286.687  52.310  363
309.868  51.769  364
86.435  51.555  365
128.767  52.368  366
170.650  53.165  367
281.772  50.723  368
312.748  52.347  369
16.433  53.716  370
39.518  54.874  371
65.308  52.852  372
79.955  53.631  373
178.915  54.251  374
204.203  54.014  375
262.959  54.123  376
300.119  54.308  377
90.680  54.797  378
121.925  55.253  379
164.098  55.948  380
228.626  54.743  381
238.762  55.065  382
1.945  57.049  383
42.177  55.984  384
77.429  55.629  385
144.646  55.366  386
289.169  55.120  387
296.874  55.430  388
304.982  55.996  389
15.639  56.739  390
25.089  55.903  391
42.470  57.482  392
154.550  56.668  393
158.352  56.652  394
39.900  55.824  395
86.880  58.257  396
102.787  56.976  397
120.609  57.956  398
196.419  59.013  399
202.098  57.948  400
293.173  56.933  401
33.700  59.029  402
189.816  56.863  403
221.290  58.926  404
15.641  59.194  405
33.872  59.884  406
40.490  59.402  407
105.688  60.288  408
126.875  59.462  409
162.653  61.847  410
206.523  59.985  411
266.388  60.485  412
289.487  60.307  413
305.036  60.270  414
10.049  60.918  415
19.275  61.625  416
82.101  62.274  417
244.140  62.104  418
269.932  60.491  419
49.729  60.667  420
58.795  62.225  421
87.341  61.588  422
162.161  60.943  423
190.874  62.158  424
236.621  62.379  425
242.949  62.772  426
81.422  62.016  427
109.928  62.635  428
138.170  63.646  429
143.368  62.568  430
168.683  63.639  431
193.464  62.963  432
265.004  62.656  433
295.802  63.459  434
14.473  63.556  435
37.525  64.623  436
43.444  64.565  437
58.392  63.533  438
121.793  64.640  439
127.085  62.989  440
254.992  64.035  441
280.303  64.359  442
291.274  64.788  443
70.059  65.609  444
141.774  65.136  445
153.347  66.461  446
164.554  66.622  447
188.299  65.462  448
208.528  63.791  449
285.250  65.630  450
298.466  65.380  451
18.597  65.849  452
28.930  67.118  453
161.310  65.529  454
215.153  66.548  455
288.700  66.588  456
294.098  67.457  457
303.396  66.749  458
37.206  66.597  459
75.977  66.421  460
136.345  68.662  461
150.470  66.559  462
152.760  66.747  463
156.318  66.867  464
165.759  67.661  465
172.918  66.765  466
9.282  68.260  467
37.224  66.649  468
61.965  67.491  469
92.180  67.199  470
116.204  66.633  471
247.894  67.747  472
64.935  68.612  473
224.082  68.958  474
269.843  69.185  475
5.802  69.641  476
9.545  69.679  477
49.037  69.509  478
67.452  71.441  479
73.868  69.759  480
108.160  71.062  481
122.294  71.147  482
177.760  68.653  483
256.473  69.218  484
260.294  70.169  485
280.420  69.187  486
82.370  71.025  487
120.165  71.949  488
128.747  71.103  489
190.483  70.265  490
216.816  70.555  491
14.308  71.866  492
33.411  72.106  493
88.336  73.275  494
153.334  70.577  495
175.010  73.579  496
180.940  73.620  497
205.913  72.837  498
230.616  71.487  499
9.494  73.567  500
252.339  74.164  501
292.527  72.545  502
312.790  72.941  503
94.271  75.274  504
142.522  74.224  505
184.451  74.183  506
191.366  75.894  507
196.967  74.423  508
209.173  74.191  509
217.485  72.646  510
283.463  74.935  511
296.155  72.398  512
302.438  74.659  513
307.657  73.498  514
39.246  74.947  515
75.327  73.557  516
153.199  74.195  517
276.006  74.473  518
23.116  76.360  519
85.000  74.074  520
127.406  76.437  521
134.038  75.734  522
167.834  76.198  523
240.298  75.746  524
312.928  75.865  525
220.606  76.917  526
243.963  77.656  527
46.669  78.576  528
49.973  78.341  529
114.096  77.013  530
163.552  76.425  531
200.031  78.383  532
211.621  78.562  533
217.722  77.594  534
262.940  78.613  535
281.774  78.534  536
123.925  77.809  537
133.574  79.580  538
293.989  78.841  539
302.098  79.946  540
311.573  79.979  541
39.198  79.698  542
50.270  79.683  543
184.310  80.503  544
306.596  80.436  545
246.814  81.953  546
260.408  81.342  547
303.316  82.939  548
239.083  82.657  549
243.756  82.822  550
257.522  81.517  551
313.061  81.698  552
138.162  82.775  553
212.221  82.909  554
295.666  84.169  555
10.794  84.638  556
22.133  84.679  557
57.081  84.291  558
80.665  84.142  559
100.934  84.454  560
109.670  82.721  561
117.325  83.123  562
135.064  84.113  563
167.749  83.506  564
201.820  83.976  565
266.178  82.005  566
285.755  84.061  567
16.001  86.477  568
124.413  85.851  569
125.350  84.503  570
183.488  85.786  571
192.622  84.678  572
244.602  84.211  573
251.108  84.876  574
1.905  85.494  575
10.114  84.921  576
33.811  85.515  577
38.681  85.216  578
43.355  85.871  579
208.072  84.498  580
238.482  87.425  581
303.186  85.817  582
6.153  87.066  583
44.713  86.989  584
92.498  86.349  585
103.842  87.182  586
162.059  88.372  587
314.445  87.601  588
39.006  87.437  589
133.410  87.716  590
239.564  88.447  591
279.229  88.036  592
289.706  87.017  593
306.212  88.094  594
12.191  89.117  595
51.076  89.315  596
57.141  88.807  597
140.380  89.376  598
173.326  88.275  599
206.285  89.646  600
285.700  89.121  601
7.977  90.229  602
57.778  88.971  603
126.856  89.879  604
216.160  90.625  605
256.508  89.808  606
295.254  91.013  607
3.796  91.764  608
74.056  91.303  609
85.046  90.493  610
93.343  91.830  611
141.362  91.972  612
154.546  91.223  613
160.741  90.847  614
280.852  91.076  615
313.486  90.137  616
43.375  92.274  617
103.715  92.371  618
113.649  91.643  619
214.342  91.625  620
264.573  94.249  621
286.910  91.717  622
33.275  92.157  623
118.361  92.545  624
128.122  90.665  625
136.218  93.770  626
188.601  91.438  627
244.538  93.007  628
267.808  93.167  629
303.883  93.066  630
66.751  95.138  631
88.289  94.157  632
154.232  93.793  633
191.007  91.566  634
220.339  94.623  635
228.560  94.333  636
289.682  94.059  637
18.667  94.326  638
124.053  94.447  639
227.342  95.678  640
271.068  95.252  641
299.336  95.901  642
25.159  95.268  643
38.375  96.140  644
40.238  95.873  645
47.020  95.005  646
72.366  96.278  647
98.708  96.238  648
198.426  96.039  649
218.097  95.996  650
284.379  96.046  651
313.688  95.820  652
31.935  96.248  653
54.389  96.091  654
114.230  96.193  655
119.901  97.303  656
135.827  98.085  657
174.365  95.559  658
189.508  95.607  659
292.410  98.171  660
296.059  97.056  661
76.815  97.596  662
149.719  97.582  663
231.334  97.168  664
260.240  98.289  665
14.254  98.233  666
35.552  100.272  667
50.616  97.559  668
174.007  99.029  669
185.568  99.022  670
6.706  100.106  671
15.259  99.283  672
96.574  98.319  673
98.436  99.906  674
168.103  100.786  675
211.765  99.986  676
42.078  101.943  677
72.250  101.645  678
80.705  100.519  679
106.810  101.367  680
125.324  100.972  681
147.997  102.218  682
189.521  100.827  683
221.341  100.843  684
244.284  100.522  685
270.705  100.338  686
305.349  102.347  687
29.043  102.565  688
62.425  100.188  689
216.344  102.874  690
224.020  102.069  691
312.780  102.290  692
49.594  103.826  693
75.858  102.227  694
98.229  103.325  695
117.324  102.609  696
133.963  102.907  697
144.076  102.541  698
290.956  104.210  699
88.785  105.222  700
155.430  103.964  701
241.534  104.357  702
21.314  104.408  703
79.171  104.834  704
122.151  105.154  705
201.802  104.889  706
254.845  104.968  707
265.244  105.038  708
275.007  104.846  709
279.018  104.199  710
139.493  106.606  711
182.629  105.576  712
297.390  106.073  713
24.419  106.992  714
29.010  106.693  715
88.233  106.499  716
95.413  105.644  717
144.556  107.743  718
211.510  108.019  719
219.756  106.955  720
285.030  106.236  721
13.132  108.265  722
102.160  108.650  723
113.069  108.110  724
131.599  108.264  725
176.970  108.257  726
222.872  108.584  727
308.517  107.451  728
70.123  111.258  729
195.865  109.100  730
246.326  108.500  731
15.137  110.087  732
28.987  110.825  733
91.681  110.355  734
117.100  109.826  735
164.378  109.426  736
167.494  111.095  737
216.584  110.430  738
231.023  110.265  739
240.109  109.954  740
109.889  110.631  741
191.008  110.243  742
306.413  111.701  743
64.320  112.571  744
80.792  112.585  745
124.843  112.525  746
173.199  112.512  747
183.108  112.132  748
200.018  111.453  749
221.929  113.152  750
243.055  112.661  751
313.169  111.434  752
50.400  112.991  753
69.618  112.614  754
85.095  112.798  755
157.426  113.652  756
207.133  113.341  757
217.000  112.992  758
272.563  113.091  759
293.487  113.292  760
3.010  113.222  761
19.510  112.106  762
30.758  113.699  763
174.102  112.715  764
191.926  114.071  765
238.071  114.227  766
256.634  113.373  767
280.817  114.371  768
301.671  113.192  769
309.459  114.557  770
115.880  116.167  771
138.901  115.035  772
243.205  115.500  773
56.492  115.702  774
81.799  118.408  775
156.701  116.914  776
226.989  116.027  777
295.393  116.085  778
301.993  116.444  779
1.551  118.447  780
109.863  116.917  781
217.071  117.855  782
24.723  117.719  783
37.424  118.869  784
95.892  117.179  785
120.455  118.261  786
142.218  117.939  787
184.563  117.596  788
237.289  117.929  789
272.913  117.960  790
27.758  119.632  791
45.901  118.406  792
56.986  119.502  793
168.886  119.402  794
9.344  122.317  795
31.776  120.599  796
90.384  119.986  797
121.817  120.133  798
187.675  120.425  799
249.370  120.054  800
276.407  120.410  801
2.751  120.843  802
13.680  122.280  803
53.550  120.738  804
111.087  121.035  805
114.824  122.552  806
131.299  120.498  807
157.374  119.962  808
171.401  120.231  809
193.567  120.293  810
295.739  121.589  811
314.024  120.761  812
27.668  121.669  813
145.266  121.315  814
152.647  121.273  815
211.802  122.354  816
235.305  120.131  817
240.206  122.955  818
278.044  121.936  819
288.039  121.739  820
46.469  124.070  821
104.133  123.783  822
298.178  123.062  823
12.901  123.115  824
56.261  124.088  825
76.977  123.174  826
94.828  124.076  827
121.766  124.411  828
170.303  123.902  829
224.192  125.915  830
50.204  125.071  831
91.418  126.408  832
222.180  124.253  833
248.989  124.706  834
3.706  126.372  835
7.894  124.891  836
36.099  126.150  837
73.954  124.889  838
46.391  126.090  839
94.062  128.207  840
116.119  128.085  841
145.287  127.232  842
178.620  127.475  843
212.023  127.247  844
256.933  127.123  845
49.063  127.728  846
132.602  127.711  847
220.492  127.759  848
269.916  128.120  849
304.286  128.489  850
17.399  129.320  851
27.867  129.461  852
50.498  128.664  853
55.743  128.336  854
71.690  129.117  855
88.102  128.669  856
158.654  129.307  857
174.754  129.127  858
224.942  127.887  859
245.848  129.240  860
250.836  128.026  861
274.389  129.599  862
297.757  130.296  863
309.335  129.488  864
38.933  129.616  865
83.827  130.521  866
118.318  130.920  867
228.344  130.837  868
7.455  130.820  869
14.717  131.124  870
58.672  131.171  871
102.139  129.492  872
107.388  131.432  873
124.448  131.412  874
194.878  131.004  875
207.231  130.125  876
216.308  130.967  877
47.427  132.455  878
68.496  131.767  879
152.839  132.083  880
223.906  131.965  881
250.935  132.572  882
284.860  133.548  883
57.470  133.121  884
92.007  133.611  885
137.901  133.113  886
174.266  133.304  887
267.369  132.704  888
290.799  133.380  889
307.717  133.332  890
313.273  133.367  891
64.069  133.713  892
121.015  134.273  893
182.955  135.073  894
191.748  134.804  895
216.089  133.910  896
296.133  134.482  897
4.905  135.223  898
92.188  132.768  899
139.538  134.449  900
158.702  134.668  901
204.687  134.656  902
258.903  135.490  903
9.971  134.857  904
96.666  134.219  905
112.587  136.399  906
133.018  136.314  907
154.555  135.889  908
234.873  135.951  909
251.942  136.258  910
274.310  136.324  911
289.027  135.678  912
23.063  137.194  913
80.083  137.184  914
104.647  136.211  915
117.707  137.038  916
152.888  137.663  917
201.149  137.381  918
247.306  136.728  919
277.205  134.814  920
29.381  138.579  921
42.820  137.459  922
46.911  138.478  923
93.134  138.566  924
151.176  137.722  925
224.898  139.372  926
299.315  137.799  927
5.646  136.936  928
14.625  138.821  929
33.170  137.461  930
37.605  139.163  931
46.940  138.084  932
53.068  137.938  933
99.160  139.687  934
253.697  139.126  935
118.878  141.411  936
218.550  139.795  937
243.234  139.612  938
260.010  138.996  939
63.294  140.700  940
72.656  141.235  941
96.409  138.944  942
162.640  141.117  943
291.982  141.042  944
300.325  140.864  945
8.295  142.165  946
142.852  141.850  947
184.941  142.279  948
188.215  141.846  949
200.398  143.306  950
21.326  142.629  951
68.071  143.265  952
83.953  142.753  953
107.047  142.745  954
112.609  142.960  955
120.631  142.567  956
205.052  142.286  957
210.649  142.665  958
218.171  143.652  959
253.117  142.839  960
259.843  143.438  961
289.148  143.793  962
302.525  142.375  963
39.481  144.511  964
57.516  144.323  965
90.321  143.800  966
174.061  144.489  967
200.594  142.757  968
53.549  145.239  969
159.119  144.643  970
202.937  145.228  971
212.152  144.236  972
252.090  144.615  973
264.732  145.696  974
311.000  145.000  975
12.065  145.661  976
32.903  146.073  977
48.287  146.988  978
62.894  146.138  979
79.696  146.675  980
97.848  144.716  981
148.215  145.666  982
303.309  146.049  983
73.701  146.885  984
93.399  148.237  985
139.253  147.021  986
179.082  147.610  987
226.427  147.238  988
282.771  147.000  989
46.954  147.739  990
121.173  148.796  991
177.623  147.867  992
296.419  147.763  993
308.899  148.317  994
29.398  149.261  995
62.568  148.282  996
283.339  148.550  997
34.789  150.195  998
40.516  149.670  999
99.874  150.745  1000
148.670  151.454  1001
160.747  149.715  1002
193.408  149.788  1003
221.429  150.235  1004
228.660  149.420  1005
270.950  149.753  1006
3.723  151.953  1007
73.249  150.834  1008
116.122  150.955  1009
173.603  151.166  1010
203.327  151.437  1011
231.740  151.173  1012
240.775  149.580  1013
254.700  153.223  1014
294.293  151.259  1015
26.168  152.695  1016
67.559  152.887  1017
146.340  152.957  1018
246.781  151.428  1019
260.787  152.571  1020
34.366  153.073  1021
79.273  153.025  1022
82.650  153.406  1023
90.361  152.192  1024
149.480  152.226  1025
13.065  155.352  1026
21.467  153.508  1027
41.809  154.181  1028
46.543  155.122  1029
74.373  155.675  1030
92.947  155.385  1031
107.854  154.238  1032
139.248  153.676  1033
144.350  154.857  1034
157.588  151.771  1035
222.592  153.848  1036
242.150  154.042  1037
258.428  154.093  1038
282.021  154.009  1039
297.262  153.564  1040
5.374  155.398  1041
123.891  154.918  1042
143.723  154.235  1043
167.259  155.546  1044
169.922  154.938  1045
184.723  155.026  1046
54.809  155.381  1047
50.486  157.011  1048
84.589  157.280  1049
116.494  158.883  1050
174.942  155.644  1051
180.100  156.569  1052
215.806  157.124  1053
287.227  157.143  1054
76.408  157.415  1055
184.563  157.045  1056
271.112  156.395  1057
295.161  157.872  1058
311.142  158.386  1059
126.782  157.812  1060
145.231  159.096  1061
177.742  158.286  1062
136.944  159.845  1063
213.063  159.700  1064
237.846  159.120  1065
240.439  160.064  1066
267.719  159.536  1067
29.178  161.215  1068
89.343  162.232  1069
106.129  159.623  1070
151.887  161.605  1071
253.277  162.019  1072
273.267  162.237  1073
281.026  160.097  1074
293.147  161.778  1075
6.110  162.234  1076
76.695  164.036  1077
149.797  161.577  1078
186.120  161.822  1079
188.888  161.624  1080
220.533  162.617  1081
232.250  161.521  1082
296.983  162.175  1083
9.118  162.996  1084
70.055  162.693  1085
158.956  162.797  1086
283.446  162.822  1087
167.388  163.773  1088
264.558  163.337  1089
14.525  164.601  1090
83.581  164.916  1091
118.805  164.770  1092
132.719  164.074  1093
221.402  165.223  1094
59.194  165.067  1095
102.218  166.957  1096
106.889  165.837  1097
180.830  165.382  1098
196.384  167.001  1099
204.121  165.268  1100
220.046  166.035  1101
278.463  164.866  1102
27.890  167.081  1103
109.866  167.339  1104
185.187  166.182  1105
189.132  166.051  1106
298.066  168.006  1107
313.636  166.308  1108
17.399  167.697  1109
45.859  166.956  1110
213.985  167.705  1111
236.271  167.961  1112
258.530  168.370  1113
284.616  167.171  1114
294.444  168.388  1115
28.942  170.986  1116
48.776  169.629  1117
103.624  168.152  1118
219.141  168.118  1119
228.341  167.993  1120
251.424  168.605  1121
305.442  168.156  1122
4.120  169.585  1123
255.162  170.560  1124
273.190  171.306  1125
12.247  169.210  1126
25.144  171.320  1127
75.766  171.167  1128
98.853  171.182  1129
218.556  170.291  1130
40.422  171.803  1131
95.662  172.350  1132
108.680  170.903  1133
200.273  172.061  1134
206.977  171.991  1135
227.863  171.491  1136
284.195  173.400  1137
35.183  171.970  1138
101.058  172.336  1139
126.661  172.997  1140
152.713  171.762  1141
212.956  173.624  1142
232.444  173.550  1143
4.892  174.806  1144
92.018  174.303  1145
95.825  173.879  1146
163.512  174.241  1147
169.656  174.241  1148
179.491  174.220  1149
270.322  173.990  1150
312.319  173.588  1151
48.193  174.705  1152
64.161  174.226  1153
69.922  175.176  1154
121.758  175.113  1155
132.604  173.933  1156
177.901  175.867  1157
205.198  175.179  1158
217.922  175.533  1159
222.828  175.027  1160
229.099  174.639  1161
278.877  175.818  1162
293.161  174.327  1163
58.522  175.942  1164
64.588  177.106  1165
95.068  175.559  1166
111.355  176.269  1167
157.193  176.245  1168
251.691  175.753  1169
262.859  175.126  1170
301.689  176.209  1171
76.136  176.531  1172
107.355  176.820  1173
115.313  177.392  1174
132.772  177.844  1175
149.029  176.872  1176
171.398  177.928  1177
189.089  176.849  1178
236.212  178.288  1179
281.727  177.147  1180
287.024  176.904  1181
289.275  177.593  1182
65.078  178.270  1183
103.715  178.099  1184
127.274  177.688  1185
194.668  177.289  1186
274.288  178.072  1187
304.112  178.449  1188
59.717  178.281  1189
255.685  178.178  1190
261.241  179.047  1191
61.962  178.774  1192
87.000  180.000  1193
244.244  179.934  1194
41.989  180.556  1195
54.748  181.923  1196
79.992  180.048  1197
84.928  178.858  1198
115.888  181.129  1199
140.950  180.450  1200
223.701  180.822  1201
251.771  180.269  1202
287.609  182.375  1203
304.464  179.862  1204
9.133  182.738  1205
25.613  182.200  1206
70.796  181.729  1207
103.164  181.755  1208
130.248  184.306  1209
145.091  182.131  1210
172.065  182.715  1211
183.758  182.709  1212
192.157  182.383  1213
215.605  183.260  1214
221.667  182.674  1215
298.247  181.009  1216
29.800  183.294  1217
91.186  182.415  1218
106.562  182.186  1219
65.262  184.620  1220
236.160  186.442  1221
243.744  184.265  1222
272.897  183.321  1223
15.530  184.033  1224
32.543  185.453  1225
57.488  184.833  1226
98.698  183.569  1227
111.286  184.617  1228
115.895  185.427  1229
127.423  184.086  1230
150.454  187.256  1231
193.436  185.000  1232
201.616  186.557  1233
221.015  183.545  1234
230.143  185.221  1235
35.594  185.691  1236
75.029  185.376  1237
91.688  185.764  1238
133.879  185.755  1239
237.253  186.950  1240
30.262  187.633  1241
71.994  185.055  1242
81.853  185.987  1243
103.054  186.663  1244
197.620  186.888  1245
207.407  187.179  1246
244.918  185.516  1247
298.007  187.641  1248
3.658  188.296  1249
44.008  188.036  1250
52.584  188.265  1251
95.431  187.719  1252
125.721  188.116  1253
226.806  188.553  1254
259.096  189.162  1255
89.931  188.589  1256
115.684  188.384  1257
130.413  188.369  1258
167.493  190.418  1259
204.727  190.373  1260
208.103  188.654  1261
277.205  188.022  1262
297.729  188.999  1263
304.002  189.136  1264
312.453  186.997  1265
76.835  190.564  1266
86.010  188.837  1267
135.905  190.413  1268
240.007  189.623  1269
286.625  189.659  1270
305.539  189.695  1271
8.896  190.713  1272
52.171  192.414  1273
82.809  191.459  1274
112.520  190.633  1275
125.288  190.934  1276
127.818  190.832  1277
144.196  190.289  1278
184.368  190.927  1279
231.963  190.656  1280
281.835  192.211  1281
38.504  192.009  1282
62.414  191.375  1283
65.761  192.267  1284
71.482  192.876  1285
139.677  191.719  1286
147.416  193.121  1287
227.700  193.168  1288
260.567  193.399  1289
17.270  193.795  1290
21.765  194.321  1291
58.733  194.777  1292
143.618  194.210  1293
172.301  193.617  1294
194.162  193.747  1295
245.129  194.035  1296
247.692  193.931  1297
7.400  195.017  1298
14.501  194.240  1299
27.692  195.151  1300
33.271  195.743  1301
35.756  193.880  1302
51.837  194.408  1303
125.724  194.815  1304
137.494  196.256  1305
166.547  194.834  1306
237.042  195.365  1307
265.022  195.084  1308
268.759  194.985  1309
278.183  195.486  1310
290.786  194.672  1311
159.038  196.212  1312
212.046  195.705  1313
243.191  196.574  1314
260.799  194.875  1315
3.848  197.307  1316
34.337  197.780  1317
81.091  197.256  1318
191.036  196.055  1319
149.451  197.655  1320
251.525  198.513  1321
257.048  197.419  1322
54.069  198.610  1323
225.246  200.392  1324
266.414  199.095  1325
275.262  198.662  1326
285.523  198.715  1327
301.431  199.114  1328
62.438  200.221  1329
69.538  199.238  1330
85.996  200.491  1331
117.772  199.567  1332
170.582  200.184  1333
205.629  200.047  1334
261.023  199.451  1335
41.960  200.173  1336
46.770  199.016  1337
57.174  201.699  1338
128.962  200.804  1339
215.575  201.590  1340
296.151  201.126  1341
7.782  202.321  1342
103.971  201.451  1343
241.878  202.488  1344
300.994  202.905  1345
52.340  203.411  1346
79.116  204.112  1347
92.473  202.733  1348
112.171  203.017  1349
271.094  202.752  1350
88.584  204.311  1351
174.743  204.106  1352
193.170  202.849  1353
257.660  203.480  1354
275.040  204.049  1355
279.766  203.114  1356
120.776  205.181  1357
165.290  205.266  1358
197.270  205.402  1359
206.448  205.580  1360
228.581  205.261  1361
19.114  206.043  1362
49.589  206.637  1363
83.290  206.309  1364
113.801  206.143  1365
141.417  206.695  1366
212.813  206.103  1367
231.535  206.027  1368
284.565  205.606  1369
290.526  204.844  1370
302.924  206.464  1371
307.393  205.871  1372
59.865  206.991  1373
65.985  206.098  1374
191.189  207.110  1375
218.246  206.850  1376
249.957  206.565  1377
296.096  208.007  1378
23.185  207.655  1379
50.540  208.370  1380
91.807  207.443  1381
135.139  208.589  1382
147.247  206.600  1383
176.602  207.340  1384
198.077  208.039  1385
209.942  207.914  1386
226.576  207.352  1387
266.370  208.247  1388
86.374  208.416  1389
95.005  209.622  1390
130.437  209.082  1391
235.452  207.272  1392
28.784  210.592  1393
47.070  209.851  1394
109.146  210.237  1395
125.694  209.666  1396
150.969  209.441  1397
207.106  210.147  1398
245.061  210.169  1399
251.692  210.218  1400
31.807  211.146  1401
42.515  210.832  1402
73.955  210.493  1403
86.801  211.088  1404
98.191  210.324  1405
122.080  210.121  1406
198.485  211.351  1407
248.660  210.153  1408
279.526  210.341  1409
287.852  210.132  1410
299.136  210.976  1411
70.741  212.515  1412
161.027  211.116  1413
176.438  211.827  1414
231.299  211.504  1415
270.720  211.633  1416
25.202  213.050  1417
40.269  211.565  1418
44.073  212.903  1419
150.575  213.878  1420
214.255  212.234  1421
218.550  213.653  1422
265.277  211.757  1423
13.329  214.526  1424
98.152  215.230  1425
109.281  213.634  1426
125.253  213.935  1427
185.649  214.247  1428
60.587  214.826  1429
80.873  215.079  1430
159.611  215.206  1431
209.469  214.824  1432
253.585  214.767  1433
257.468  215.959  1434
293.294  213.760  1435
52.122  215.980  1436
59.765  217.068  1437
65.856  216.246  1438
72.472  216.160  1439
91.816  214.681  1440
97.910  217.640  1441
105.513  216.273  1442
149.784  214.948  1443
267.191  215.566  1444
275.159  216.094  1445
24.696  217.136  1446
81.754  216.269  1447
200.983  217.248  1448
213.967  217.140  1449
228.272  217.441  1450
43.577  217.668  1451
60.158  216.965  1452
125.926  218.439  1453
132.638  219.001  1454
172.840  218.279  1455
196.791  218.640  1456
267.736  219.310  1457
294.889  218.463  1458
303.958  217.430  1459
48.663  218.937  1460
89.239  219.294  1461
114.572  220.420  1462
161.195  219.041  1463
175.506  218.007  1464
223.927  218.926  1465
265.099  219.299  1466
300.973  219.647  1467
18.607  220.445  1468
50.007  218.163  1469
113.779  220.247  1470
146.212  219.352  1471
215.745  220.406  1472
239.256  221.103  1473
42.981  222.550  1474
91.951  221.323  1475
175.683  221.252  1476
186.472  219.706  1477
192.997  221.399  1478
256.466  221.116  1479
17.211  222.060  1480
104.225  221.474  1481
106.808  221.976  1482
228.154  222.596  1483
83.777  223.372  1484
98.368  222.799  1485
234.445  223.048  1486
271.414  223.368  1487
277.713  223.016  1488
281.118  223.094  1489
41.218  224.069  1490
177.219  223.667  1491
183.011  223.847  1492
267.107  223.991  1493
289.732  224.057  1494
20.633  225.805  1495
84.664  223.842  1496
120.850  223.506  1497
127.683  225.227  1498
133.186  225.620  1499
207.657  225.287  1500
31.019  225.619  1501
117.328  224.693  1502
229.004  226.650  1503
277.156  228.094  1504
48.954  227.061  1505
100.435  226.806  1506
143.716  226.099  1507
181.944  227.466  1508
200.033  226.809  1509
26.996  228.892  1510
48.321  226.803  1511
104.875  228.229  1512
212.739  228.630  1513
271.127  228.570  1514
16.182  229.814  1515
94.607  228.933  1516
108.646  228.687  1517
136.446  228.876  1518
222.068  229.101  1519
247.456  228.585  1520
63.818  229.038  1521
84.248  230.041  1522
133.439  230.105  1523
241.491  228.229  1524
265.206  230.073  1525
269.301  229.528  1526
299.367  229.992  1527
72.233  231.390  1528
205.688  230.824  1529
225.345  230.836  1530
103.124  232.001  1531
160.095  232.223  1532
200.581  231.651  1533
228.485  231.716  1534
43.032  232.843  1535
78.471  232.675  1536
82.625  230.559  1537
107.855  233.205  1538
218.913  232.764  1539
245.269  232.595  1540
2.534  234.316  1541
35.735  233.506  1542
48.108  234.075  1543
69.634  235.293  1544
76.153  232.376  1545
89.695  233.323  1546
97.992  233.455  1547
109.585  234.104  1548
146.566  234.324  1549
225.249  232.928  1550
253.855  236.366  1551
271.840  233.761  1552
30.848  235.588  1553
133.215  234.849  1554
283.190  234.205  1555
306.157  233.974  1556
57.297  236.196  1557
113.281  235.421  1558
115.573  235.587  1559
118.549  236.317  1560
127.144  235.717  1561
139.422  237.528  1562
150.443  236.617  1563
235.416  235.940  1564
242.885  236.970  1565
40.795  236.507  1566
93.734  237.153  1567
191.457  235.297  1568
194.629  236.267  1569
76.292  238.226  1570
132.197  237.274  1571
145.565  238.614  1572
153.075  237.929  1573
165.976  237.731  1574
184.893  237.003  1575
206.274  237.802  1576
9.497  239.040  1577
15.485  239.109  1578
90.172  239.004  1579
97.200  239.229  1580
113.985  238.925  1581
141.894  239.028  1582
150.335  237.434  1583
299.894  237.976  1584
48.711  239.851  1585
61.586  240.070  1586
186.945  241.005  1587
191.304  241.312  1588
259.073  241.090  1589
270.675  239.639  1590
301.729  239.801  1591
12.805  239.989  1592
82.024  240.212  1593
94.362  240.736  1594
173.391  239.485  1595
225.164  241.240  1596
228.589  241.035  1597
232.300  241.006  1598
285.687  240.991  1599
67.551  241.282  1600
156.400  241.629  1601
196.032  243.106  1602
233.640  239.796  1603
242.518  241.652  1604
278.106  242.320  1605
286.313  241.024  1606
2.753  243.026  1607
7.310  242.924  1608
54.921  242.925  1609
71.096  243.332  1610
106.070  242.694  1611
132.917  242.415  1612
186.186  242.759  1613
209.967  243.121  1614
293.780  243.514  1615
298.779  243.014  1616
44.171  244.149  1617
83.243  243.431  1618
98.149  244.399  1619
143.553  244.255  1620
150.617  244.014  1621
184.200  244.356  1622
230.198  243.969  1623
250.583  242.515  1624
64.841  244.907  1625
93.839  245.209  1626
149.648  244.798  1627
173.432  244.292  1628
254.631  247.238  1629
290.578  244.470  1630
314.454  244.795  1631
76.122  245.663  1632
117.892  246.399  1633
133.172  246.130  1634
285.998  245.429  1635
28.320  246.025  1636
58.054  247.320  1637
70.247  247.344  1638
263.379  247.790  1639
311.468  248.759  1640
63.596  248.530  1641
100.189  248.333  1642
127.701  247.985  1643
161.828  248.289  1644
172.852  248.402  1645
195.783  247.723  1646
207.025  248.436  1647
219.215  246.896  1648
302.853  248.791  1649
40.720  249.017  1650
121.074  249.444  1651
170.509  248.443  1652
237.394  248.726  1653
289.967  249.451  1654
125.927  249.762  1655
130.581  250.033  1656
185.084  249.779  1657
262.004  250.119  1658
68.665  251.008  1659
79.226  251.584  1660
105.615  250.792  1661
162.069  251.981  1662
174.009  250.303  1663
255.231  250.642  1664
265.643  250.280  1665
37.778  252.150  1666
41.650  252.698  1667
49.944  253.244  1668
66.801  252.053  1669
133.832  250.823  1670
157.998  252.790  1671
189.020  251.939  1672
258.821  252.546  1673
277.532  251.929  1674
28.384  254.529  1675
31.838  252.438  1676
82.633  254.897  1677
90.441  251.783  1678
92.674  252.765  1679
96.542  253.452  1680
44.723  253.206  1681
104.846  253.925  1682
180.348  254.069  1683
239.514  254.247  1684
243.821  253.960  1685
287.519  252.173  1686
12.701  254.738  1687
57.876  254.961  1688
67.214  255.066  1689
85.552  254.328  1690
211.903  254.289  1691
263.962  254.587  1692
4.629  255.970  1693
49.592  255.722  1694
163.979  257.072  1695
192.296  256.776  1696
194.498  255.832  1697
223.147  255.700  1698
232.032  255.867  1699
302.982  255.882  1700
311.107  256.937  1701
32.421  259.396  1702
123.867  258.191  1703
202.534  256.843  1704
287.357  257.952  1705
296.985  256.306  1706
68.347  257.732  1707
89.380  257.353  1708
103.495  257.547  1709
198.463  257.000  1710
244.015  258.294  1711
272.537  257.487  1712
283.466  258.097  1713
38.709  259.509  1714
118.721  259.433  1715
123.750  258.222  1716
163.646  258.256  1717
196.896  259.586  1718
212.031  258.734  1719
278.850  258.894  1720
305.836  260.580  1721
21.408  259.977  1722
63.736  259.971  1723
85.742  260.370  1724
126.285  257.861  1725
143.415  260.260  1726
177.864  260.582  1727
201.574  259.579  1728
222.328  259.477  1729
250.205  260.002  1730
253.690  259.562  1731
69.962  261.297  1732
100.900  260.423  1733
164.173  259.329  1734
289.340  260.952  1735
128.875  263.130  1736
260.278  262.419  1737
305.842  262.321  1738
310.575  261.699  1739
94.176  261.883  1740
191.855  263.152  1741
239.648  262.882  1742
300.259  262.855  1743
4.351  263.566  1744
9.039  263.215  1745
88.370  264.270  1746
98.339  264.058  1747
147.439  263.435  1748
185.418  265.363  1749
194.338  264.296  1750
253.665  263.831  1751
260.500  262.558  1752
36.064  265.445  1753
47.621  265.018  1754
67.318  267.374  1755
70.718  263.634  1756
80.732  265.054  1757
234.935  265.344  1758
239.107  265.089  1759
245.389  264.889  1760
313.000  265.000  1761
74.992  265.884  1762
135.221  266.692  1763
167.950  266.075  1764
182.438  265.812  1765
207.704  266.402  1766
266.994  266.021  1767
1.709  266.965  1768
44.178  266.756  1769
119.544  266.750  1770
210.077  266.302  1771
242.282  267.380  1772
255.616  267.549  1773
277.023  267.099  1774
284.711  267.154  1775
293.796  268.123  1776
298.634  267.315  1777
8.235  268.860  1778
67.812  268.550  1779
186.070  268.547  1780
247.106  269.144  1781
5.116  269.048  1782
31.020  268.125  1783
78.942  267.633  1784
202.157  268.742  1785
220.589  268.574  1786
281.437  269.852  1787
9.054  270.093  1788
58.243  269.906  1789
73.506  268.794  1790
96.096  269.923  1791
113.960  270.008  1792
135.572  270.267  1793
142.410  270.505  1794
159.950  270.074  1795
193.021  268.850  1796
205.830  270.696  1797
270.378  269.171  1798
20.463  270.710  1799
48.936  271.167  1800
148.028  271.897  1801
176.295  271.259  1802
263.944  272.016  1803
303.122  270.284  1804
65.623  272.065  1805
72.351  270.662  1806
131.783  272.189  1807
210.356  272.414  1808
244.129  273.668  1809
259.099  271.836  1810
15.856  272.100  1811
40.807  272.622  1812
66.757  272.504  1813
117.970  273.621  1814
126.186  272.644  1815
140.833  273.455  1816
147.895  271.421  1817
238.158  272.714  1818
254.564  274.219  1819
5.581  273.603  1820
89.051  274.756  1821
116.826  273.579  1822
121.481  273.529  1823
164.094  274.396  1824
216.485  273.234  1825
245.761  272.626  1826
265.090  273.209  1827
297.364  275.964  1828
33.154  276.831  1829
45.145  275.238  1830
80.110  275.906  1831
199.828  274.667  1832
292.252  275.194  1833
13.388  275.903  1834
101.277  276.739  1835
116.889  275.740  1836
137.109  276.571  1837
194.041  276.263  1838
225.975  275.896  1839
227.728  275.961  1840
240.334  276.427  1841
270.027  276.280  1842
276.519  275.645  1843
90.942  276.683  1844
182.360  278.650  1845
186.041  276.259  1846
204.000  275.902  1847
228.449  276.749  1848
243.863  278.929  1849
255.231  277.843  1850
263.075  277.352  1851
59.753  279.581  1852
75.818  279.842  1853
176.845  278.789  1854
188.151  278.734  1855
198.768  279.736  1856
251.627  278.954  1857
280.550  278.716  1858
308.902  277.988  1859
15.309  279.687  1860
23.035  279.547  1861
40.762  279.421  1862
49.459  279.941  1863
54.039  280.017  1864
88.456  280.841  1865
161.207  280.451  1866
229.640  279.528  1867
246.432  279.698  1868
273.539  280.019  1869
304.424  280.226  1870
3.775  280.682  1871
69.940  281.479  1872
146.599  282.159  1873
198.371  279.944  1874
14.837  282.679  1875
28.598  282.164  1876
59.647  281.926  1877
85.173  281.917  1878
138.088  282.114  1879
180.655  281.769  1880
224.655  282.336  1881
269.502  282.568  1882
276.058  282.760  1883
313.959  280.465  1884
10.291  283.574  1885
160.903  282.294  1886
212.144  282.858  1887
238.385  283.227  1888
258.083  282.512  1889
51.119  283.668  1890
80.003  283.761  1891
100.607  283.111  1892
188.198  284.425  1893
309.152  283.711  1894
76.861  285.104  1895
104.984  284.763  1896
138.070  283.315  1897
161.800  285.131  1898
197.653  284.410  1899
216.999  285.282  1900
13.235  287.766  1901
47.573  286.238  1902
61.908  286.950  1903
98.237  286.607  1904
160.406  286.240  1905
168.820  286.232  1906
180.761  286.505  1907
238.778  286.491  1908
277.865  286.975  1909
296.588  284.514  1910
301.115  286.028  1911
30.411  286.454  1912
113.644  287.363  1913
204.446  286.817  1914
212.029  286.368  1915
222.288  288.495  1916
303.729  286.816  1917
12.525  287.611  1918
54.516  288.373  1919
82.408  287.965  1920
87.146  287.489  1921
128.062  289.181  1922
132.719  287.817  1923
150.275  287.761  1924
157.740  288.242  1925
255.015  287.993  1926
277.797  287.076  1927
72.657  289.123  1928
77.705  289.790  1929
82.289  288.726  1930
124.085  288.903  1931
164.578  289.197  1932
168.109  287.944  1933
206.362  288.958  1934
233.062  288.691  1935
284.215  290.155  1936
304.128  288.595  1937
37.195  290.064  1938
67.155  289.964  1939
130.049  290.514  1940
312.593  290.312  1941
77.516  291.052  1942
120.709  291.481  1943
228.287  290.860  1944
244.353  290.850  1945
259.754  291.420  1946
282.575  290.017  1947
298.293  291.451  1948
24.557  291.672  1949
42.195  291.709  1950
64.604  292.732  1951
116.508  291.754  1952
129.790  291.310  1953
137.697  292.628  1954
210.961  291.403  1955
294.055  292.092  1956
10.078  293.947  1957
62.899  293.188  1958
125.441  292.537  1959
229.943  292.993  1960
312.316  292.507  1961
59.035  293.131  1962
70.104  294.119  1963
76.275  294.446  1964
104.350  294.008  1965
118.139  293.515  1966
197.259  293.325  1967
238.437  293.708  1968
50.773  294.765  1969
92.074  294.859  1970
101.790  295.078  1971
153.780  295.532  1972
169.483  295.191  1973
183.609  295.255  1974
214.302  294.327  1975
248.267  295.326  1976
261.850  295.062  1977
287.039  294.936  1978
28.386  295.413  1979
55.948  295.026  1980
108.003  296.336  1981
136.171  296.773  1982
178.450  296.067  1983
211.379  295.875  1984
23.601  297.039  1985
33.060  297.385  1986
77.717  297.033  1987
116.144  296.664  1988
157.409  297.790  1989
238.609  297.014  1990
243.300  297.427  1991
266.841  296.262  1992
270.327  295.441  1993
282.236  295.809  1994
7.187  297.534  1995
10.152  296.999  1996
28.435  297.603  1997
52.994  297.617  1998
82.250  298.863  1999
98.842  298.177  2000
168.726  297.130  2001
187.887  297.408  2002
212.298  297.781  2003
225.946  297.257  2004
144.326  299.009  2005
177.624  300.996  2006
208.267  299.559  2007
248.081  298.146  2008
255.269  298.187  2009
274.697  298.615  2010
16.595  300.129  2011
58.892  299.832  2012
244.349  300.288  2013
293.285  300.489  2014
106.037  300.898  2015
223.762  298.819  2016
228.561  301.071  2017
269.963  300.834  2018
90.101  301.709  2019
126.644  302.228  2020
196.921  303.167  2021
307.481  300.054  2022
31.764  300.602  2023
58.630  304.582  2024
101.681  303.023  2025
174.896  302.992  2026
216.996  303.137  2027
3.235  304.845  2028
208.993  305.527  2029
236.735  304.109  2030
249.506  302.880  2031
271.541  305.169  2032
154.648  305.286  2033
192.318  304.949  2034
208.977  305.166  2035
261.811  303.435  2036
268.935  306.261  2037
275.707  304.301  2038
294.040  305.777  2039
302.715  305.284  2040
28.232  305.838  2041
48.678  305.879  2042
98.936  305.453  2043
114.883  305.775  2044
122.062  305.996  2045
125.798  305.755  2046
162.135  305.570  2047
214.055  306.360  2048
217.384  304.863  2049
249.189  306.678  2050
278.705  306.002  2051
24.552  307.047  2052
80.506  307.523  2053
83.727  306.812  2054
143.544  306.415  2055
182.195  307.706  2056
9.750  307.934  2057
57.686  308.020  2058
72.134  308.153  2059
131.304  307.874  2060
193.282  306.552  2061
285.044  308.022  2062
24.176  308.904  2063
88.106  307.350  2064
118.009  310.265  2065
165.488  309.399  2066
221.704  309.065  2067
234.829  309.586  2068
310.013  309.025  2069
31.899  310.216  2070
46.820  310.292  2071
147.949  311.515  2072
161.540  309.848  2073
196.893  310.165  2074
231.104  310.216  2075
259.786  309.680  2076
285.989  308.563  2077
307.391  310.523  2078
19.264  310.063  2079
95.527  311.394  2080
253.883  311.000  2081
260.602  310.757  2082
267.786  310.535  2083
313.165  310.760  2084
50.891  311.233  2085
63.944  311.939  2086
83.459  312.237  2087
166.550  311.835  2088
227.004  311.906  2089
282.322  311.695  2090
291.963  311.236  2091
293.708  311.811  2092
297.225  312.684  2093
4.261  312.682  2094
78.892  312.618  2095
124.967  312.405  2096
133.063  312.259  2097
183.175  312.489  2098
287.669  313.050  2099
302.908  312.757  2100
8.692  313.329  2101
33.329  313.614  2102
37.137  312.642  2103
101.811  314.101  2104
109.349  311.960  2105
189.814  313.064  2106
230.000  314.000  2107
19.229  315.136  2108
23.039  314.536  2109
119.380  315.673  2110
158.073  314.756  2111
163.584  314.601  2112
195.166  314.800  2113
212.691  314.336  2114
262.335  314.228  2115
273.132  313.266  2116
53.280  316.079  2117
82.056  316.651  2118
106.463  316.296  2119
143.008  314.529  2120
152.178  315.967  2121
199.141  315.886  2122
255.500  316.300  2123
313.079  317.843  2124
26.583  317.313  2125
93.963  316.805  2126
202.456  316.093  2127
308.587  316.133  2128
37.604  316.034  2129
101.539  317.368  2130
159.232  319.763  2131
186.809  317.841  2132
196.474  316.811  2133
226.571  317.847  2134
243.563  318.330  2135
262.991  317.621  2136
24.193  318.336  2137
34.194  319.076  2138
60.061  320.281  2139
117.696  319.100  2140
193.053  318.520  2141
66.883  320.063  2142
96.031  319.005  2143
151.406  319.984  2144
246.676  320.051  2145
255.156  319.217  2146
9.932  321.556  2147
66.535  320.799  2148
81.270  321.436  2149
223.243  321.289  2150
263.839  320.718  2151
157.267  320.864  2152
273.734  322.244  2153
313.238  321.359  2154
70.718  323.888  2155
85.842  322.955  2156
140.852  321.609  2157
149.487  324.078  2158
162.554  324.863  2159
174.993  323.572  2160
203.584  323.498  2161
219.768  322.932  2162
233.714  322.947  2163
248.503  322.702  2164
269.567  323.001  2165
12.389  323.212  2166
26.484  324.978  2167
45.044  324.275  2168
57.214  323.820  2169
101.892  323.929  2170
159.258  323.749  2171
165.413  324.669  2172
194.280  323.400  2173
260.236  324.035  2174
279.798  323.986  2175
291.647  324.726  2176
301.234  322.452  2177
9.614  324.284  2178
67.431  324.211  2179
96.155  325.120  2180
106.891  325.350  2181
233.177  325.166  2182
59.194  325.528  2183
125.103  326.198  2184
209.509  325.638  2185
225.100  326.135  2186
237.347  325.006  2187
305.976  325.839  2188
120.387  326.518  2189
148.457  326.579  2190
158.087  327.271  2191
263.019  327.025  2192
293.798  326.492  2193
298.507  326.335  2194
99.144  329.084  2195
191.919  328.994  2196
243.775  328.481  2197
310.517  328.596  2198
92.430  329.157  2199
138.767  329.998  2200
144.752  329.059  2201
179.345  328.028  2202
240.631  329.035  2203
260.555  328.428  2204
273.767  329.315  2205
52.655  330.008  2206
65.590  330.373  2207
83.717  329.364  2208
125.723  328.480  2209
252.715  329.794  2210
304.241  330.221  2211
150.507  331.343  2212
155.287  331.521  2213
232.249  330.246  2214
276.634  330.487  2215
310.798  331.236  2216
16.426  332.273  2217
57.110  332.060  2218
96.799  334.455  2219
138.700  330.344  2220
143.822  332.202  2221
158.550  331.847  2222
221.185  331.613  2223
239.511  331.156  2224
246.032  332.438  2225
29.792  334.138  2226
128.531  332.891  2227
160.283  331.709  2228
237.466  332.844  2229
281.123  332.849  2230
286.820  333.616  2231
39.477  334.145  2232
61.946  334.392  2233
88.286  333.719  2234
106.140  333.721  2235
123.272  334.295  2236
150.185  334.399  2237
185.811  333.652  2238
187.686  333.367  2239
114.520  335.302  2240
206.493  334.169  2241
290.610  334.639  2242
304.066  334.865  2243
16.646  337.085  2244
26.901  334.917  2245
55.244  335.366  2246
72.349  336.444  2247
96.932  334.740  2248
128.850  336.258  2249
146.144  336.149  2250
274.586  336.769  2251
309.707  334.945  2252
13.535  336.252  2253
30.039  336.861  2254
103.192  336.598  2255
120.025  336.640  2256
223.567  337.030  2257
230.154  337.397  2258
258.624  337.632  2259
267.165  337.266  2260
278.664  337.367  2261
287.478  337.259  2262
293.435  339.094  2263
298.494  337.540  2264
49.970  337.614  2265
66.152  340.418  2266
116.957  338.144  2267
133.287  337.406  2268
136.882  338.293  2269
147.722  338.146  2270
151.423  337.941  2271
163.733  337.929  2272
256.188  338.057  2273
6.172  338.299  2274
79.198  338.226  2275
88.842  339.513  2276
96.335  339.365  2277
101.108  338.722  2278
110.313  338.660  2279
123.636  339.432  2280
212.017  338.617  2281
292.746  339.137  2282
32.561  341.006  2283
80.904  339.444  2284
106.982  340.198  2285
129.428  340.813  2286
178.485  340.098  2287
200.135  341.057  2288
230.937  340.197  2289
232.680  340.029  2290
41.891  341.050  2291
167.170  340.882  2292
207.871  341.109  2293
253.514  341.129  2294
276.458  341.502  2295
131.615  342.592  2296
154.288  343.076  2297
202.779  341.788  2298
210.910  341.969  2299
264.263  341.426  2300
311.440  342.950  2301
94.089  342.769  2302
108.347  343.231  2303
113.562  343.000  2304
149.981  342.403  2305
177.912  343.942  2306
205.389  342.177  2307
96.191  344.125  2308
142.683  342.775  2309
186.542  344.197  2310
195.237  344.015  2311
225.006  344.265  2312
288.967  344.284  2313
299.721  342.951  2314
18.976  345.602  2315
127.424  344.837  2316
158.836  345.305  2317
256.390  345.200  2318
284.158  345.286  2319
289.110  344.463  2320
293.131  345.126  2321
315.026  345.027  2322
31.387  346.133  2323
59.689  345.850  2324
92.916  345.119  2325
215.390  345.575  2326
244.157  345.116  2327
265.487  344.806  2328
34.853  347.333  2329
39.862  346.721  2330
123.085  346.957  2331
160.397  346.010  2332
167.847  347.354  2333
206.392  345.966  2334
240.000  346.893  2335
8.440  347.685  2336
141.799  347.526  2337
145.142  349.653  2338
199.274  348.717  2339
221.942  348.335  2340
261.473  348.003  2341
290.628  346.235  2342
14.472  350.050  2343
40.272  348.863  2344
117.930  348.104  2345
171.304  348.554  2346
233.115  348.892  2347
252.036  348.991  2348
275.014  348.599  2349
24.895  350.481  2350
35.599  350.035  2351
61.997  349.839  2352
78.436  350.517  2353
85.860  351.613  2354
132.484  350.981  2355
190.638  350.462  2356
195.567  348.168  2357
207.470  351.001  2358
285.072  349.830  2359
300.669  349.594  2360
305.532  350.122  2361
48.946  350.704  2362
203.498  351.464  2363
222.164  351.073  2364
235.244  350.738  2365
22.964  350.550  2366
48.370  352.509  2367
67.646  352.364  2368
114.769  351.563  2369
130.030  351.001  2370
170.265  350.972  2371
182.609  351.452  2372
2.895  352.356  2373
85.724  351.331  2374
104.712  352.557  2375
160.107  353.320  2376
197.106  353.640  2377
241.481  351.547  2378
272.891  353.191  2379
288.063  352.026  2380
305.542  352.602  2381
41.137  354.665  2382
63.002  355.039  2383
227.998  352.818  2384
259.706  354.688  2385
74.812  354.240  2386
149.601  353.451  2387
197.723  356.720  2388
218.981  355.175  2389
276.033  355.043  2390
301.854  356.701  2391
46.036  356.079  2392
56.156  355.613  2393
62.097  356.560  2394
92.512  356.420  2395
102.923  356.404  2396
155.187  355.377  2397
193.290  355.612  2398
247.693  354.856  2399
13.352  357.725  2400
58.968  357.073  2401
71.417  355.523  2402
99.855  356.428  2403
116.829  357.430  2404
135.184  358.134  2405
160.730  356.356  2406
185.241  355.817  2407
201.975  355.770  2408
216.617  358.050  2409
223.734  358.434  2410
250.832  356.209  2411
284.187  357.176  2412
32.859  358.197  2413
41.061  357.927  2414
82.559  358.378  2415
124.143  357.264  2416
231.059  357.762  2417
243.585  358.409  2418
298.279  358.069  2419
45.894  358.600  2420
162.839  357.940  2421
287.341  358.344  2422
3.567  359.642  2423
57.985  359.924  2424
75.659  359.637  2425
115.109  359.858  2426
256.711  359.410  2427
65.449  361.443  2428
89.071  361.688  2429
153.610  361.017  2430
157.724  361.656  2431
216.277  360.848  2432
300.853  360.926  2433
16.227  362.237  2434
54.330  362.321  2435
80.400  361.103  2436
159.246  362.692  2437
168.989  362.095  2438
187.387  360.566  2439
271.258  362.240  2440
298.841  361.668  2441
12.297  364.011  2442
32.971  363.182  2443
40.987  362.898  2444
74.380  362.936  2445
86.283  362.864  2446
112.558  362.871  2447
240.047  362.960  2448
248.275  363.622  2449
281.606  362.659  2450
17.289  364.533  2451
35.789  363.913  2452
77.742  363.865  2453
129.965  364.393  2454
160.684  364.344  2455
195.968  363.998  2456
255.432  364.478  2457
25.021  364.281  2458
52.303  364.130  2459
70.890  364.607  2460
96.655  365.399  2461
136.100  364.471  2462
236.175  364.972  2463
313.427  364.362  2464
105.024  366.102  2465
149.039  366.809  2466
183.013  366.624  2467
218.542  365.196  2468
35.289  365.959  2469
118.092  364.823  2470
139.479  367.539  2471
169.730  367.396  2472
213.293  367.226  2473
232.529  367.292  2474
293.961  367.138  2475
15.676  368.143  2476
21.875  367.981  2477
24.484  368.186  2478
144.947  368.041  2479
177.686  367.323  2480
246.940  367.262  2481
282.410  368.407  2482
57.756  368.953  2483
213.722  368.192  2484
251.544  368.516  2485
275.379  368.844  2486
54.508  369.458  2487
105.791  371.495  2488
124.891  369.313  2489
151.802  369.687  2490
156.393  370.862  2491
175.281  370.425  2492
179.427  369.210  2493
208.520  369.733  2494
286.744  369.756  2495
82.440  370.312  2496
90.372  370.704  2497
125.043  371.334  2498
134.167  371.180  2499
238.106  371.725  2500
263.054  370.736  2501
302.395  371.031  2502
32.358  372.830  2503
99.500  371.443  2504
107.846  371.409  2505
111.182  372.273  2506
272.525  372.078  2507
8.702  371.623  2508
31.261  373.311  2509
42.688  373.092  2510
96.202  373.358  2511
255.440  373.888  2512
268.165  372.304  2513
25.632  374.736  2514
55.287  374.151  2515
63.658  374.684  2516
68.108  374.355  2517
134.586  373.942  2518
146.720  373.578  2519
191.058  373.973  2520
209.977  373.818  2521
278.149  373.800  2522
281.481  374.396  2523
90.083  375.695  2524
93.744  375.602  2525
120.933  375.131  2526
262.147  374.541  2527
4.417  375.976  2528
9.663  376.039  2529
14.880  376.194  2530
37.210  375.735  2531
59.637  375.680  2532
131.655  374.725  2533
208.444  375.750  2534
221.096  375.433  2535
298.296  375.472  2536
265.439  376.900  2537
276.124  377.607  2538
279.887  376.673  2539
312.519  376.233  2540
43.638  377.173  2541
71.355  378.055  2542
100.242  378.389  2543
134.932  380.089  2544
141.493  377.524  2545
160.495  377.443  2546
165.058  378.652  2547
171.798  378.750  2548
234.018  377.436  2549
269.940  377.570  2550
305.913  378.266  2551
4.052  379.226  2552
30.135  378.961  2553
68.517  379.317  2554
102.487  377.866  2555
107.297  379.632  2556
113.346  378.939  2557
181.596  378.484  2558
247.547  378.967  2559
296.724  379.635  2560
6.395  380.979  2561
116.895  379.523  2562
124.335  378.155  2563
147.940  380.641  2564
168.569  379.431  2565
201.233  380.142  2566
222.433  379.316  2567
237.335  380.082  2568
294.279  380.118  2569
135.593  380.558  2570
139.842  381.246  2571
150.633  380.717  2572
158.527  381.355  2573
217.853  381.512  2574
229.506  381.000  2575
284.203  382.767  2576
299.465  382.082  2577
1.975  381.081  2578
6.251  381.204  2579
62.336  382.041  2580
89.297  382.377  2581
110.773  382.400  2582
184.542  381.500  2583
204.373  382.243  2584
242.582  382.676  2585
248.363  381.711  2586
287.752  382.316  2587
72.495  383.931  2588
110.357  383.447  2589
116.631  382.830  2590
154.484  382.576  2591
158.922  383.214  2592
198.583  382.487  2593
229.885  383.025  2594
283.624  382.897  2595
70.747  383.995  2596
139.338  384.168  2597
167.517  383.718  2598
236.959  383.818  2599
242.790  383.810  2600
266.330  383.685  2601
61.998  385.211  2602
95.363  384.645  2603
120.906  385.004  2604
156.146  385.123  2605
205.496  385.337  2606
241.825  385.090  2607
255.711  384.436  2608
12.768  386.714  2609
56.492  386.129  2610
125.570  386.707  2611
152.557  387.541  2612
166.658  385.328  2613
223.060  387.441  2614
16.109  387.421  2615
34.304  388.268  2616
77.345  386.592  2617
115.208  387.398  2618
208.099  388.013  2619
234.396  387.400  2620
237.410  387.101  2621
245.316  387.029  2622
251.599  388.041  2623
279.949  387.369  2624
48.765  388.484  2625
53.897  388.396  2626
95.166  388.654  2627
148.634  387.908  2628
155.147  387.696  2629
184.920  390.033  2630
267.075  387.493  2631
313.996  388.254  2632
7.559  389.969  2633
23.273  389.891  2634
26.324  389.070  2635
63.264  389.741  2636
69.042  389.204  2637
82.260  389.396  2638
100.533  389.102  2639
118.330  390.183  2640
131.060  389.384  2641
139.646  388.979  2642
213.683  388.769  2643
306.409  389.203  2644
16.773  389.800  2645
40.562  390.705  2646
75.335  390.291  2647
110.696  389.621  2648
114.999  390.310  2649
159.052  389.471  2650
245.583  389.448  2651
28.238  389.741  2652
51.081  391.336  2653
313.875  391.117  2654
82.177  393.019  2655
89.004  393.437  2656
103.297  392.116  2657
128.757  390.134  2658
165.670  392.533  2659
304.128  390.039  2660
9.758  392.531  2661
45.315  393.010  2662
70.772  392.817  2663
114.765  392.959  2664
139.139  392.648  2665
256.074  393.481  2666
74.131  394.468  2667
122.062  393.987  2668
153.561  393.911  2669
224.073  394.466  2670
232.003  393.456  2671
232.768  394.858  2672
300.675  396.285  2673
308.340  394.152  2674
313.064  393.227  2675
44.705  395.673  2676
53.565  394.275  2677
163.785  394.229  2678
169.914  395.058  2679
215.212  395.630  2680
291.295  395.332  2681
1.603  396.398  2682
48.277  395.906  2683
93.494  395.385  2684
101.844  395.540  2685
104.655  395.941  2686
121.431  394.488  2687
143.232  395.941  2688
166.310  395.514  2689
202.684  396.173  2690
221.661  395.849  2691
40.974  397.418  2692
72.198  397.561  2693
89.892  399.275  2694
132.782  397.319  2695
246.230  396.002  2696
248.591  396.411  2697
254.644  395.634  2698
266.434  396.793  2699
4.611  398.286  2700
20.133  398.694  2701
59.999  398.643  2702
61.731  397.974  2703
121.114  396.257  2704
181.306  397.279  2705
279.293  398.482  2706
295.465  398.300  2707
303.387  397.708  2708
35.124  398.792  2709
160.106  399.315  2710
261.463  398.587  2711
282.629  398.532  2712
8.837  400.078  2713
52.191  399.922  2714
100.453  400.876  2715
139.662  400.383  2716
142.177  400.051  2717
72.025  401.141  2718
93.330  401.189  2719
109.834  400.767  2720
122.611  400.363  2721
132.495  400.841  2722
197.517  401.624  2723
230.726  401.240  2724
246.276  401.383  2725
255.512  399.878  2726
283.562  400.914  2727
312.100  400.318  2728
183.055  401.721  2729
21.131  403.292  2730
113.602  405.036  2731
267.913  403.766  2732
285.700  402.139  2733
296.623  404.010  2734
306.712  403.513  2735
134.441  403.393  2736
204.753  404.392  2737
222.216  404.566  2738
228.646  404.118  2739
253.831  404.696  2740
313.686  405.417  2741
2.857  405.576  2742
50.613  404.211  2743
56.089  404.482  2744
67.999  403.724  2745
105.239  403.716  2746
113.685  404.919  2747
177.327  404.372  2748
235.632  405.025  2749
71.738  406.116  2750
132.707  405.514  2751
285.211  406.794  2752
10.141  406.099  2753
51.344  407.940  2754
80.762  406.495  2755
147.576  408.030  2756
166.071  406.737  2757
210.523  406.707  2758
217.130  406.408  2759
251.198  407.251  2760
255.017  407.128  2761
308.419  407.222  2762
236.259  408.135  2763
295.651  407.809  2764
26.793  408.462  2765
34.099  409.126  2766
118.017  409.408  2767
181.982  408.831  2768
202.166  408.513  2769
214.458  408.621  2770
217.070  409.295  2771
91.339  409.260  2772
162.446  410.276  2773
229.191  409.949  2774
234.106  411.334  2775
268.159  409.767  2776
59.875  411.373  2777
67.016  413.109  2778
112.480  410.981  2779
207.648  409.361  2780
301.961  411.572  2781
73.439  412.838  2782
78.936  412.214  2783
109.403  411.934  2784
129.985  412.096  2785
133.240  412.450  2786
183.609  412.398  2787
198.366  411.677  2788
242.928  410.883  2789
280.368  411.308  2790
57.035  413.376  2791
67.356  412.478  2792
69.338  412.607  2793
116.969  412.898  2794
172.499  413.920  2795
193.219  412.626  2796
209.402  412.972  2797
273.681  413.112  2798
276.320  413.100  2799
3.269  412.757  2800
32.383  412.564  2801
36.971  413.517  2802
108.637  413.943  2803
122.092  414.907  2804
124.831  413.729  2805
151.740  413.957  2806
253.018  413.929  2807
290.631  414.106  2808
292.710  414.122  2809
297.035  413.678  2810
20.798  415.754  2811
24.992  414.980  2812
43.138  414.090  2813
94.318  415.144  2814
168.346  414.476  2815
300.140  415.300  2816
37.197  416.695  2817
76.207  416.706  2818
96.692  415.872  2819
120.882  415.163  2820
130.579  415.945  2821
145.205  416.884  2822
155.081  416.456  2823
175.938  416.077  2824
184.591  416.166  2825
281.377  416.167  2826
284.520  415.755  2827
2.536  415.577  2828
27.845  417.044  2829
47.629  416.589  2830
164.242  417.382  2831
198.270  417.211  2832
261.317  417.835  2833
291.285  417.515  2834
81.369  417.551  2835
111.373  418.212  2836
205.553  418.585  2837
237.429  417.661  2838
257.983  417.794  2839
308.624  418.156  2840
6.918  419.308  2841
21.733  419.928  2842
52.154  420.229  2843
93.860  420.161  2844
100.529  419.237  2845
119.273  419.558  2846
124.263  419.449  2847
176.950  419.471  2848
191.623  418.589  2849
210.097  419.252  2850
218.128  418.779  2851
241.979  419.252  2852
248.788  419.251  2853
142.078  420.306  2854
199.855  419.913  2855
225.608  420.127  2856
20.185  419.726  2857
27.895  421.180  2858
58.108  421.112  2859
121.925  421.471  2860
175.206  420.215  2861
180.053  421.008  2862
213.454  420.806  2863
50.435  422.091  2864
216.986  421.570  2865
244.816  421.197  2866
284.471  421.359  2867
302.147  422.583  2868
313.059  420.927  2869
73.289  424.285  2870
196.038  421.860  2871
33.263  423.453  2872
37.487  423.294  2873
46.141  425.229  2874
73.860  423.494  2875
78.317  424.711  2876
142.875  424.260  2877
156.532  423.502  2878
165.727  424.300  2879
221.601  423.783  2880
231.593  423.433  2881
8.506  425.103  2882
20.727  425.548  2883
29.015  423.561  2884
58.703  425.682  2885
92.333  424.603  2886
125.910  425.644  2887
249.021  425.320  2888
296.870  425.327  2889
152.678  426.233  2890
215.682  425.897  2891
14.611  426.678  2892
39.326  427.854  2893
55.342  427.158  2894
73.475  426.653  2895
113.545  426.922  2896
136.792  427.538  2897
162.410  426.917  2898
169.859  426.336  2899
174.081  428.193  2900
186.701  426.678  2901
98.183  428.039  2902
104.987  427.441  2903
116.228  428.111  2904
144.436  427.600  2905
198.083  428.037  2906
209.901  427.603  2907
233.747  428.614  2908
242.456  427.858  2909
25.960  429.007  2910
30.591  429.491  2911
130.447  428.552  2912
171.131  429.398  2913
174.826  428.503  2914
188.876  428.903  2915
225.258  429.997  2916
239.045  429.359  2917
271.976  429.341  2918
297.846  429.672  2919
312.700  429.175  2920
4.698  429.998  2921
140.303  430.942  2922
213.066  430.645  2923
235.972  429.968  2924
262.503  430.818  2925
120.624  431.214  2926
146.008  429.912  2927
208.813  430.864  2928
279.205  431.158  2929
290.411  431.410  2930
304.498  430.554  2931
21.835  432.413  2932
87.114  430.739  2933
176.229  432.113  2934
239.307  432.298  2935
262.411  430.732  2936
7.502  433.938  2937
28.938  430.643  2938
36.447  433.095  2939
40.800  432.295  2940
66.079  432.646  2941
137.057  432.583  2942
167.898  433.265  2943
204.791  433.733  2944
19.358  432.808  2945
221.019  433.341  2946
256.747  433.849  2947
302.293  433.659  2948
116.164  435.183  2949
147.208  434.653  2950
180.300  434.061  2951
192.169  434.372  2952
216.989  435.056  2953
234.818  435.515  2954
292.708  433.459  2955
6.691  435.553  2956
45.655  436.765  2957
98.879  435.047  2958
103.365  435.309  2959
188.248  435.736  2960
209.942  433.696  2961
266.298  437.285  2962
19.854  436.866  2963
23.626  436.609  2964
222.355  438.051  2965
248.796  437.355  2966
305.519  438.151  2967
87.671  439.432  2968
112.265  438.150  2969
117.685  438.170  2970
159.042  438.701  2971
191.643  438.115  2972
227.936  439.765  2973
236.736  436.797  2974
300.788  437.651  2975
84.669  439.768  2976
122.747  438.785  2977
212.285  438.549  2978
304.497  438.034  2979
17.867  440.212  2980
21.207  439.898  2981
55.904  439.729  2982
90.797  440.144  2983
134.667  440.368  2984
23.315  441.628  2985
100.207  441.226  2986
118.858  440.993  2987
175.557  442.304  2988
197.017  441.327  2989
216.750  442.322  2990
287.578  440.976  2991
78.210  441.702  2992
109.844  440.659  2993
172.388  442.636  2994
260.713  442.006  2995
41.543  443.096  2996
62.827  443.669  2997
81.131  443.040  2998
100.813  442.382  2999
129.510  443.010  3000
212.027  443.388  3001
269.809  442.944  3002
308.907  442.109  3003
12.890  442.845  3004
108.879  444.098  3005
194.002  443.669  3006
198.459  444.098  3007
204.764  443.808  3008
209.648  443.561  3009
238.884  444.339  3010
259.249  443.879  3011
281.297  443.014  3012
28.393  444.970  3013
70.788  446.204  3014
119.603  444.442  3015
143.954  444.808  3016
158.779  444.638  3017
197.461  444.243  3018
222.348  444.999  3019
244.880  444.319  3020
281.935  445.491  3021
292.453  444.074  3022
67.192  445.903  3023
127.180  444.633  3024
153.673  446.275  3025
177.002  446.067  3026
269.600  446.829  3027
277.214  445.993  3028
78.476  446.536  3029
139.977  445.560  3030
209.426  446.796  3031
254.682  446.235  3032
266.777  447.290  3033
284.000  447.201  3034
294.342  446.952  3035
8.245  448.176  3036
35.976  447.865  3037
92.262  446.722  3038
100.460  448.483  3039
134.571  447.641  3040
173.539  446.290  3041
260.423  448.325  3042
4.392  449.043  3043
19.315  450.163  3044
94.142  448.533  3045
107.883  447.711  3046
123.286  450.874  3047
181.218  448.914  3048
288.306  449.476  3049
302.275  449.042  3050
19.491  450.401  3051
102.434  450.368  3052
239.040  450.255  3053
253.239  449.209  3054
258.583  449.248  3055
23.732  451.420  3056
49.270  450.956  3057
54.116  450.687  3058
125.167  453.384  3059
151.749  451.307  3060
163.053  450.316  3061
245.429  451.667  3062
276.724  451.156  3063
307.546  452.053  3064
314.425  450.230  3065
32.723  452.311  3066
75.296  451.894  3067
86.814  451.487  3068
149.248  451.982  3069
175.175  451.204  3070
203.583  452.344  3071
7.270  452.307  3072
39.248  453.990  3073
56.538  452.846  3074
61.558  453.326  3075
108.177  453.635  3076
200.474  453.325  3077
207.854  452.965  3078
231.746  452.412  3079
298.699  452.888  3080
40.668  453.989  3081
114.656  452.913  3082
125.002  452.155  3083
178.704  453.699  3084
246.623  454.572  3085
273.460  454.732  3086
3.124  454.695  3087
9.351  455.260  3088
22.968  453.750  3089
47.699  455.474  3090
96.634  456.551  3091
149.858  454.748  3092
170.920  455.270  3093
262.548  454.178  3094
305.515  456.157  3095
40.473  455.576  3096
128.495  454.881  3097
182.141  455.675  3098
210.118  455.681  3099
255.318  456.782  3100
299.071  456.225  3101
58.914  456.385  3102
89.472  456.509  3103
192.904  457.137  3104
205.586  456.921  3105
232.932  457.427  3106
288.409  456.683  3107
312.752  457.148  3108
19.037  458.605  3109
68.761  457.478  3110
111.102  457.301  3111
123.213  458.372  3112
155.850  457.851  3113
182.252  460.382  3114
187.469  457.885  3115
198.211  457.198  3116
252.359  457.956  3117
282.937  457.748  3118
12.881  460.356  3119
80.022  459.553  3120
103.282  458.449  3121
107.045  459.193  3122
146.139  459.662  3123
192.109  459.135  3124
216.321  458.354  3125
242.570  458.635  3126
269.289  460.236  3127
279.312  458.964  3128
17.735  460.780  3129
35.300  460.692  3130
87.365  460.539  3131
166.681  459.644  3132
183.724  459.445  3133
264.680  460.884  3134
310.975  460.507  3135
2.281  461.095  3136
29.083  461.425  3137
39.052  461.387  3138
93.133  461.042  3139
104.399  460.839  3140
151.506  460.925  3141
288.367  460.640  3142
300.699  460.744  3143
21.183  462.676  3144
192.160  463.322  3145
202.156  462.118  3146
214.716  462.906  3147
220.842  461.682  3148
269.728  462.123  3149
39.148  461.307  3150
55.344  463.961  3151
70.156  462.635  3152
232.521  462.327  3153
265.344  464.061  3154
312.214  462.225  3155
30.831  463.925  3156
126.267  464.122  3157
134.561  464.017  3158
151.191  462.701  3159
220.738  463.988  3160
258.534  463.684  3161
305.208  463.642  3162
42.076  465.397  3163
64.715  463.234  3164
69.456  463.704  3165
82.158  463.879  3166
161.371  466.105  3167
172.879  464.880  3168
195.579  464.673  3169
5.835  465.113  3170
46.058  467.188  3171
115.206  465.756  3172
118.488  466.513  3173
168.786  465.634  3174
184.652  466.770  3175
188.539  465.784  3176
201.674  467.942  3177
238.851  465.065  3178
246.863  466.047  3179
287.727  465.491  3180
14.624  465.995  3181
26.712  467.957  3182
40.191  469.112  3183
70.654  466.918  3184
147.595  467.666  3185
233.536  466.301  3186
292.860  466.055  3187
100.602  469.995  3188
132.960  467.845  3189
208.070  468.037  3190
226.123  467.374  3191
246.776  467.876  3192
264.376  467.954  3193
3.486  468.590  3194
84.630  469.128  3195
192.928  468.911  3196
201.434  468.563  3197
242.357  470.323  3198
280.600  468.929  3199
284.313  468.959  3200
303.421  468.428  3201
307.274  468.051  3202
8.682  468.976  3203
30.304  470.226  3204
118.240  469.950  3205
181.071  470.011  3206
215.935  469.793  3207
288.214  470.464  3208
103.382  471.562  3209
136.980  471.716  3210
162.674  470.971  3211
232.545  470.892  3212
35.743  470.069  3213
38.444  471.593  3214
55.507  472.778  3215
57.903  472.980  3216
146.913  471.759  3217
165.470  471.452  3218
174.523  472.541  3219
204.117  472.076  3220
281.167  471.771  3221
287.131  472.306  3222
46.341  473.750  3223
91.539  473.976  3224
131.169  471.005  3225
135.921  471.752  3226
153.525  472.823  3227
223.058  472.805  3228
257.112  474.053  3229
275.928  473.742  3230
291.198  472.339  3231
309.711  474.137  3232
49.751  474.521  3233
168.086  473.571  3234
207.682  473.667  3235
220.056  473.262  3236
226.716  474.027  3237
247.704  474.513  3238
268.710  474.239  3239
9.090  474.458  3240
68.964  475.968  3241
100.888  474.704  3242
239.364  475.072  3243
273.116  475.813  3244
288.300  475.122  3245
3.404  477.463  3246
11.418  476.350  3247
49.858  476.172  3248
130.821  476.342  3249
154.295  476.176  3250
202.796  475.857  3251
285.417  475.661  3252
62.107  477.055  3253
80.021  477.649  3254
89.852  475.706  3255
106.891  476.993  3256
125.034  477.040  3257
137.723  477.187  3258
141.694  478.797  3259
175.180  477.188  3260
254.789  476.719  3261
307.823  478.058  3262
23.046  477.783  3263
53.914  478.048  3264
113.509  478.119  3265
158.675  477.416  3266
169.812  477.261  3267
193.710  477.409  3268
198.010  478.143  3269
32.833  478.794  3270
41.703  479.394  3271
84.467  478.996  3272
119.516  479.388  3273
123.682  477.991  3274
153.084  478.788  3275
213.007  478.474  3276
287.972  479.858  3277
27.462  480.392  3278
37.005  480.612  3279
129.559  479.043  3280
205.688  481.237  3281
218.252  480.340  3282
281.636  480.583  3283
24.775  481.246  3284
169.535  482.425  3285
213.476  480.773  3286
258.772  479.064  3287
271.978  480.818  3288
280.145  481.630  3289
295.083  480.899  3290
41.306  482.432  3291
46.918  482.085  3292
58.194  482.603  3293
73.858  481.697  3294
120.234  480.699  3295
123.588  483.001  3296
154.523  482.136  3297
231.551  481.691  3298
311.721  482.240  3299
96.163  482.974  3300
103.141  481.812  3301
132.407  483.139  3302
220.577  482.966  3303
283.943  482.799  3304
27.846  484.071  3305
88.590  483.883  3306
125.666  485.220  3307
147.081  484.243  3308
178.845  483.521  3309
267.221  485.256  3310
290.782  483.850  3311
301.000  485.066  3312
23.842  486.130  3313
85.054  484.054  3314
159.259  484.378  3315
206.663  485.705  3316
231.173  485.010  3317
262.058  484.211  3318
1.292  486.516  3319
78.134  485.756  3320
105.900  488.298  3321
284.952  488.269  3322
314.495  486.646  3323
5.199  487.535  3324
22.167  487.091  3325
80.037  485.872  3326
113.779  488.494  3327
126.809  486.003  3328
142.059  487.969  3329
197.156  486.851  3330
200.547  487.391  3331
274.529  487.055  3332
295.018  486.674  3333
35.546  486.615  3334
105.570  486.644  3335
137.893  486.541  3336
222.808  488.431  3337
292.760  487.730  3338
88.657  488.724  3339
101.444  489.168  3340
204.380  488.871  3341
221.485  487.181  3342
227.566  489.273  3343
14.009  489.671  3344
29.818  489.355  3345
58.661  491.280  3346
190.079  488.112  3347
211.045  490.155  3348
237.489  490.487  3349
284.425  490.383  3350
313.273  490.055  3351
31.690  490.552  3352
97.507  490.698  3353
114.933  491.436  3354
120.997  491.061  3355
216.956  491.044  3356
233.658  492.277  3357
269.068  491.134  3358
21.149  493.360  3359
39.665  492.278  3360
58.902  491.158  3361
88.598  492.496  3362
92.354  491.652  3363
147.751  492.178  3364
187.594  492.036  3365
198.136  491.366  3366
70.501  493.409  3367
107.959  492.985  3368
85.281  493.404  3369
114.056  493.454  3370
139.799  493.356  3371
181.639  494.590  3372
184.568  492.307  3373
212.797  494.358  3374
260.736  495.174  3375
37.012  494.576  3376
46.152  495.690  3377
59.221  495.566  3378
75.051  494.603  3379
158.158  494.485  3380
190.213  495.675  3381
216.440  494.093  3382
237.999  494.470  3383
239.802  494.143  3384
307.876  493.999  3385
41.771  495.644  3386
60.184  495.421  3387
91.692  496.377  3388
105.955  495.610  3389
143.422  494.594  3390
223.071  496.075  3391
86.146  496.176  3392
116.091  497.019  3393
151.211  495.933  3394
188.515  497.315  3395
243.249  497.227  3396
8.082  498.285  3397
14.231  498.453  3398
89.638  497.066  3399
102.849  498.139  3400
123.936  496.836  3401
155.288  496.964  3402
221.915  500.486  3403
253.026  497.940  3404
290.715  498.303  3405
10.436  498.792  3406
44.944  499.053  3407
53.655  499.383  3408
64.911  499.380  3409
101.779  499.326  3410
210.023  501.268  3411
29.139  500.172  3412
127.321  500.390  3413
147.714  500.841  3414
149.078  501.034  3415
240.344  499.649  3416
268.574  499.670  3417
76.267  501.143  3418
93.460  501.281  3419
210.549  501.435  3420
224.790  500.709  3421
309.534  502.189  3422
38.119  500.855  3423
88.024  503.194  3424
106.257  501.486  3425
136.524  501.291  3426
246.891  501.589  3427
52.588  503.727  3428
83.907  502.687  3429
96.515  503.288  3430
119.549  504.047  3431
192.778  502.493  3432
207.479  503.135  3433
254.690  503.486  3434
296.957  503.533  3435
312.606  502.550  3436
23.138  504.185  3437
37.100  503.828  3438
41.791  504.373  3439
48.245  503.978  3440
148.865  503.415  3441
153.073  504.146  3442
231.806  504.155  3443
46.148  504.860  3444
58.515  505.217  3445
65.660  505.220  3446
119.924  504.953  3447
131.870  506.272  3448
147.164  505.269  3449
208.702  503.994  3450
223.198  505.057  3451
222.222  504.662  3452
238.920  504.547  3453
1.573  507.574  3454
31.322  505.849  3455
215.468  505.712  3456
63.463  506.413  3457
80.952  507.848  3458
113.677  506.960  3459
129.215  506.616  3460
156.977  506.653  3461
180.697  506.663  3462
192.124  506.750  3463
222.177  507.000  3464
260.855  509.395  3465
271.997  507.608  3466
279.540  507.513  3467
39.155  507.998  3468
264.930  506.899  3469
305.112  507.490  3470
127.410  509.216  3471
251.697  508.725  3472
