186.928  5.081  1
63.645  19.146  2
288.709  20.875  3
18.111  26.531  4
184.235  42.323  5
227.026  45.400  6
248.771  49.519  7
214.682  64.686  8
81.909  69.369  9
192.107  82.943  10
154.889  102.212  11
20.912  102.676  12
176.381  106.463  13
256.063  111.674  14
287.544  120.038  15
297.506  121.223  16
206.640  128.542  17
234.344  134.209  18
270.447  148.174  19
231.307  149.194  20
69.428  160.943  21
132.105  162.378  22
83.076  163.166  23
199.717  170.147  24
311.894  171.846  25
41.608  178.770  26
183.121  180.660  27
15.118  182.580  28
183.789  189.155  29
290.498  192.694  30
211.456  193.941  31
185.086  212.387  32
255.905  219.319  33
63.473  227.379  34
298.817  228.176  35
165.455  235.997  36
205.687  236.033  37
277.627  240.458  38
272.122  255.670  39
20.884  258.262  40
142.941  258.634  41
310.006  259.782  42
291.632  273.490  43
30.049  284.528  44
149.712  286.064  45
196.833  291.677  46
187.355  295.750  47
225.201  295.575  48
254.764  296.603  49
312.897  319.263  50
44.450  322.618  51
208.906  323.845  52
119.888  324.958  53
243.809  343.621  54
270.624  360.480  55
129.402  362.603  56
190.444  372.238  57
294.832  396.661  58
295.071  406.300  59
26.312  406.691  60
267.393  408.344  61
42.757  412.421  62
257.252  416.022  63
307.988  416.390  64
241.523  417.407  65
104.378  425.703  66
271.344  427.684  67
313.382  448.635  68
68.097  455.710  69
257.822  462.295  70
294.425  479.307  71
259.960  493.267  72
