182.324  7.268  1
58.955  21.236  2
284.055  23.081  3
210.083  66.912  4
77.158  71.512  5
187.548  85.150  6
150.243  104.396  7
16.175  104.885  8
171.905  108.629  9
251.404  114.065  10
283.079  122.367  11
202.151  130.807  12
229.815  136.430  13
265.851  150.137  14
64.958  163.000  15
78.430  165.314  16
307.273  174.069  17
36.745  180.836  18
178.580  183.248  19
179.305  191.477  20
285.840  195.039  21
206.901  196.197  22
180.513  214.653  23
251.131  221.369  24
58.730  229.735  25
294.345  230.470  26
160.835  238.235  27
201.234  238.312  28
272.991  242.861  29
267.408  257.639  30
16.146  260.656  31
138.173  260.898  32
305.599  262.133  33
287.114  275.664  34
25.163  286.857  35
145.123  288.334  36
182.727  298.238  37
39.728  324.950  38
204.367  326.178  39
266.135  362.622  40
124.654  365.148  41
185.743  374.346  42
290.208  398.958  43
21.538  409.036  44
37.926  414.793  45
303.587  418.853  46
99.782  428.135  47
266.721  429.981  48
308.833  450.839  49
63.257  457.968  50
253.247  464.557  51
289.923  481.726  52
255.467  495.735  53
