247.742  1.563  1
182.323  7.241  2
4.531  9.221  3
308.367  10.664  4
88.021  13.216  5
134.644  14.719  6
17.265  16.639  7
192.499  16.917  8
38.571  20.354  9
69.787  19.682  10
213.166  18.978  11
58.975  21.240  12
178.980  23.377  13
284.050  23.145  14
13.337  28.551  15
31.952  35.611  16
46.743  35.177  17
248.866  43.247  18
205.673  44.214  19
179.594  44.502  20
172.985  45.049  21
222.379  47.646  22
15.353  49.753  23
210.180  51.302  24
244.039  51.822  25
205.063  52.986  26
233.574  56.130  27
9.212  60.091  28
311.658  61.970  29
257.909  65.590  30
209.999  66.964  31
24.002  68.929  32
128.259  69.069  33
265.059  69.762  34
185.024  70.831  35
77.157  71.461  36
225.649  71.886  37
291.193  73.169  38
111.703  72.970  39
137.321  73.272  40
191.739  74.628  41
162.768  76.362  42
95.087  79.082  43
147.460  81.378  44
159.531  80.970  45
233.185  80.671  46
187.531  85.141  47
203.165  84.632  48
27.640  85.567  49
262.938  87.177  50
60.883  88.081  51
174.183  88.562  52
227.608  87.702  53
234.525  89.033  54
70.929  90.157  55
105.653  90.991  56
280.514  91.860  57
10.094  92.722  58
75.648  93.654  59
60.332  96.213  60
16.462  97.448  61
197.922  96.559  62
233.390  96.922  63
260.920  96.668  64
208.370  102.389  65
150.267  104.493  66
16.181  104.925  67
277.793  105.005  68
83.789  106.410  69
178.248  106.029  70
171.894  108.597  71
226.711  108.921  72
313.722  109.101  73
202.846  113.476  74
251.558  114.009  75
134.283  115.202  76
206.141  117.460  77
136.904  118.463  78
265.803  120.948  79
312.980  120.043  80
188.386  121.018  81
282.842  122.416  82
292.969  123.700  83
303.865  122.723  84
101.097  124.961  85
88.705  128.578  86
244.783  128.449  87
97.000  130.379  88
292.791  130.022  89
202.202  130.802  90
36.203  131.806  91
40.020  133.631  92
229.791  136.463  93
265.020  137.042  94
99.617  136.808  95
153.854  141.152  96
188.409  148.327  97
303.926  148.766  98
243.547  149.494  99
265.888  150.067  100
226.589  151.303  101
72.325  151.835  102
110.964  151.443  103
152.717  152.008  104
90.369  154.667  105
118.708  155.051  106
179.928  155.489  107
112.805  156.497  108
64.872  163.031  109
127.486  164.416  110
205.461  165.267  111
78.442  165.295  112
45.814  166.844  113
91.352  166.869  114
300.843  168.679  115
195.039  172.365  116
307.335  174.107  117
189.585  177.917  118
246.748  176.132  119
150.707  177.861  120
269.139  178.551  121
36.781  180.857  122
79.416  180.105  123
293.134  181.250  124
178.566  182.861  125
10.448  184.599  126
309.887  185.942  127
163.415  187.758  128
33.494  188.219  129
50.203  190.873  130
179.319  191.452  131
113.684  194.099  132
118.044  193.763  133
189.014  195.049  134
285.753  194.926  135
206.792  196.113  136
280.703  199.153  137
193.338  202.549  138
258.952  205.842  139
170.314  206.505  140
217.765  207.662  141
146.664  210.467  142
235.020  210.600  143
198.076  212.221  144
294.129  211.546  145
38.994  212.410  146
180.447  214.637  147
269.803  216.981  148
93.625  218.103  149
166.863  219.784  150
145.269  222.292  151
251.367  221.512  152
223.504  223.375  153
313.648  226.606  154
58.803  229.450  155
207.918  229.214  156
306.204  231.885  157
294.320  230.522  158
230.216  236.133  159
230.151  236.027  160
9.698  238.068  161
160.860  238.235  162
201.189  238.446  163
287.233  240.151  164
42.431  242.720  165
272.988  242.940  166
223.943  244.630  167
144.346  248.098  168
224.802  249.171  169
260.894  251.644  170
112.287  255.693  171
52.302  255.334  172
291.939  256.886  173
267.431  257.802  174
16.179  260.570  175
138.277  260.852  176
305.375  262.189  177
70.121  266.268  178
215.698  268.614  179
143.046  272.485  180
280.071  271.840  181
287.141  275.655  182
164.401  279.261  183
193.131  280.758  184
107.739  283.825  185
42.744  285.004  186
25.343  286.809  187
82.377  287.009  188
145.148  288.311  189
272.867  287.690  190
304.571  290.445  191
287.905  292.499  192
192.200  293.935  193
115.014  295.886  194
182.787  298.140  195
220.705  297.883  196
250.283  298.926  197
125.468  301.417  198
244.666  306.443  199
274.173  307.382  200
103.078  308.880  201
207.709  311.713  202
277.155  312.175  203
222.001  312.915  204
244.708  313.502  205
120.472  313.669  206
27.217  319.120  207
128.998  322.301  208
308.428  321.920  209
39.806  324.902  210
204.372  326.160  211
98.655  326.746  212
115.225  327.009  213
289.012  329.897  214
181.063  333.518  215
107.803  342.136  216
271.954  342.232  217
239.273  346.028  218
310.236  345.806  219
223.810  351.460  220
177.518  351.827  221
80.614  352.648  222
260.784  353.541  223
288.173  356.548  224
106.099  355.633  225
96.455  359.129  226
37.832  359.865  227
103.991  361.623  228
266.072  362.741  229
195.108  364.908  230
124.726  365.072  231
170.284  366.782  232
246.626  369.665  233
185.849  374.471  234
304.147  377.500  235
286.717  377.584  236
306.662  382.205  237
224.635  383.870  238
261.218  384.098  239
279.160  384.777  240
62.691  389.915  241
58.398  392.748  242
285.225  395.869  243
197.093  397.294  244
56.429  398.296  245
104.707  397.230  246
290.328  398.934  247
297.178  399.278  248
115.358  400.099  249
35.210  402.374  250
99.489  404.668  251
199.294  405.484  252
205.212  407.058  253
21.566  408.986  254
290.656  408.643  255
263.044  410.363  256
62.054  413.038  257
64.021  413.323  258
37.981  414.790  259
228.610  416.158  260
252.580  418.357  261
303.454  418.621  262
236.836  419.720  263
201.994  422.056  264
150.563  424.423  265
310.796  425.311  266
290.668  426.818  267
99.818  428.051  268
266.720  429.999  269
273.964  431.745  270
303.704  431.642  271
160.476  435.122  272
52.033  435.257  273
282.364  441.139  274
313.330  443.161  275
245.945  445.646  276
276.680  444.830  277
311.566  445.569  278
54.094  449.397  279
308.991  450.890  280
70.221  452.090  281
120.000  453.225  282
165.411  456.018  283
63.433  458.055  284
65.026  462.900  285
253.182  464.452  286
93.999  471.470  287
264.943  470.533  288
160.183  471.934  289
162.612  475.874  290
127.064  476.463  291
249.618  477.345  292
31.949  478.668  293
220.452  477.172  294
290.063  481.413  295
215.377  482.978  296
295.692  486.491  297
239.296  488.591  298
272.252  490.547  299
191.092  491.031  300
111.336  492.222  301
241.030  491.448  302
271.466  493.251  303
302.748  494.707  304
255.538  495.452  305
263.019  496.531  306
99.573  499.631  307
173.949  500.521  308
130.137  506.106  309
97.050  508.140  310
