182.324  7.268  1
58.955  21.236  2
284.055  23.081  3
222.265  47.527  4
210.083  66.912  5
185.311  71.005  6
77.158  71.512  7
225.713  71.828  8
291.188  73.164  9
191.976  74.657  10
187.548  85.150  11
150.243  104.396  12
16.175  104.885  13
171.905  108.629  14
251.404  114.065  15
283.079  122.367  16
293.013  123.604  17
202.151  130.807  18
229.815  136.430  19
265.851  150.137  20
226.474  151.030  21
90.198  154.955  22
100.143  158.051  23
64.958  163.000  24
78.430  165.314  25
127.641  164.664  26
195.068  172.288  27
307.273  174.069  28
246.740  176.124  29
36.745  180.836  30
178.580  183.248  31
10.408  184.584  32
179.305  191.477  33
285.840  195.039  34
206.901  196.197  35
180.513  214.653  36
251.131  221.369  37
58.730  229.735  38
294.345  230.470  39
160.835  238.235  40
201.234  238.312  41
272.991  242.861  42
267.408  257.639  43
16.146  260.656  44
138.173  260.898  45
305.599  262.133  46
287.114  275.664  47
25.163  286.857  48
145.123  288.334  49
192.082  293.973  50
182.727  298.238  51
220.866  297.944  52
250.298  298.936  53
222.050  312.728  54
246.292  315.429  55
308.304  321.630  56
39.728  324.950  57
204.367  326.178  58
115.329  326.876  59
239.211  345.782  60
81.788  352.532  61
266.135  362.622  62
124.654  365.148  63
185.743  374.346  64
290.208  398.958  65
21.538  409.036  66
262.851  410.550  67
37.926  414.793  68
252.728  418.569  69
237.031  419.781  70
303.587  418.853  71
99.782  428.135  72
266.721  429.981  73
308.833  450.839  74
120.028  453.353  75
63.257  457.968  76
253.247  464.557  77
249.582  477.552  78
289.923  481.726  79
255.467  495.735  80
