144.198  3.438  1
178.002  6.085  2
249.720  5.882  3
187.431  6.762  4
259.197  16.458  5
64.136  20.806  6
242.489  22.619  7
289.164  22.705  8
18.599  28.191  9
184.859  43.831  10
227.560  47.135  11
238.578  47.528  12
249.490  51.241  13
215.153  66.548  14
82.370  71.025  15
190.483  70.265  16
230.616  71.487  17
196.967  74.423  18
296.155  72.398  19
167.834  76.198  20
192.622  84.678  21
33.811  85.515  22
103.842  87.182  23
239.564  88.447  24
155.430  103.964  25
21.314  104.408  26
182.629  105.576  27
88.233  106.499  28
176.970  108.257  29
256.634  113.373  30
142.218  117.939  31
193.567  120.293  32
288.039  121.739  33
298.178  123.062  34
102.139  129.492  35
207.231  130.125  36
234.873  135.951  37
104.647  136.211  38
308.899  148.317  39
270.950  149.753  40
116.122  150.955  41
231.740  151.173  42
123.891  154.918  43
151.887  161.605  44
70.055  162.693  45
83.581  164.916  46
132.719  164.074  47
221.402  165.223  48
200.273  172.061  49
312.319  173.588  50
251.691  175.753  51
194.668  177.289  52
41.989  180.556  53
183.758  182.709  54
298.247  181.009  55
15.530  184.033  56
111.286  184.617  57
197.620  186.888  58
184.368  190.927  59
290.786  194.672  60
212.046  195.705  61
266.414  199.095  62
285.523  198.715  63
113.801  206.143  64
299.136  210.976  65
185.649  214.247  66
275.159  216.094  67
256.466  221.116  68
63.818  229.038  69
299.367  229.992  70
235.416  235.940  71
165.976  237.731  72
206.274  237.802  73
15.485  239.109  74
278.106  242.320  75
265.643  250.280  76
272.537  257.487  77
278.850  258.894  78
21.408  259.977  79
143.415  260.260  80
310.575  261.699  81
74.992  265.884  82
148.028  271.897  83
147.895  271.421  84
292.252  275.194  85
198.768  279.736  86
198.371  279.944  87
277.865  286.975  88
30.411  286.454  89
150.275  287.761  90
277.797  287.076  91
197.259  293.325  92
187.887  297.408  93
225.946  297.257  94
255.269  298.187  95
208.977  305.166  96
227.004  311.906  97
282.322  311.695  98
313.238  321.359  99
45.044  324.275  100
209.509  325.638  101
120.387  326.518  102
276.458  341.502  103
244.157  345.116  104
85.860  351.613  105
182.609  351.452  106
85.724  351.331  107
271.258  362.240  108
35.789  363.913  109
129.965  364.393  110
251.544  368.516  111
191.058  373.973  112
266.330  383.685  113
202.684  396.173  114
295.465  398.300  115
204.753  404.392  116
105.239  403.716  117
210.523  406.707  118
295.651  407.809  119
26.793  408.462  120
268.159  409.767  121
69.338  412.607  122
43.138  414.090  123
257.983  417.794  124
308.624  418.156  125
241.979  419.252  126
104.987  427.441  127
271.976  429.341  128
279.205  431.158  129
287.578  440.976  130
294.342  446.952  131
125.167  453.384  132
314.425  450.230  133
75.296  451.894  134
125.002  452.155  135
170.920  455.270  136
68.761  457.478  137
258.534  463.684  138
165.470  471.452  139
254.789  476.719  140
295.083  480.899  141
220.577  482.966  142
292.760  487.730  143
260.736  495.174  144
271.997  507.608  145
