187.431  6.762  1
64.136  20.806  2
289.164  22.705  3
215.153  66.548  4
82.370  71.025  5
192.622  84.678  6
155.430  103.964  7
21.314  104.408  8
176.970  108.257  9
288.039  121.739  10
207.231  130.125  11
234.873  135.951  12
70.055  162.693  13
83.581  164.916  14
312.319  173.588  15
41.989  180.556  16
183.758  182.709  17
184.368  190.927  18
212.046  195.705  19
185.649  214.247  20
299.367  229.992  21
165.976  237.731  22
206.274  237.802  23
21.408  259.977  24
143.415  260.260  25
292.252  275.194  26
150.275  287.761  27
187.887  297.408  28
45.044  324.275  29
209.509  325.638  30
271.258  362.240  31
129.965  364.393  32
191.058  373.973  33
295.465  398.300  34
26.793  408.462  35
43.138  414.090  36
104.987  427.441  37
271.976  429.341  38
258.534  463.684  39
295.083  480.899  40
