182.323  7.241  1
58.975  21.240  2
284.050  23.145  3
222.379  47.646  4
311.658  61.970  5
209.999  66.964  6
77.157  71.461  7
291.193  73.169  8
159.531  80.970  9
187.531  85.141  10
150.267  104.493  11
16.181  104.925  12
171.894  108.597  13
251.558  114.009  14
282.842  122.416  15
292.969  123.700  16
202.202  130.802  17
229.791  136.463  18
265.888  150.067  19
64.872  163.031  20
127.486  164.416  21
78.442  165.295  22
195.039  172.365  23
307.335  174.107  24
246.748  176.132  25
36.781  180.857  26
178.566  182.861  27
10.448  184.599  28
179.319  191.452  29
285.753  194.926  30
206.792  196.113  31
180.447  214.637  32
251.367  221.512  33
58.803  229.450  34
294.320  230.522  35
160.860  238.235  36
201.189  238.446  37
272.988  242.940  38
267.431  257.802  39
16.179  260.570  40
138.277  260.852  41
305.375  262.189  42
287.141  275.655  43
25.343  286.809  44
145.148  288.311  45
192.200  293.935  46
182.787  298.140  47
250.283  298.926  48
222.001  312.915  49
39.806  324.902  50
204.372  326.160  51
115.225  327.009  52
239.273  346.028  53
266.072  362.741  54
124.726  365.072  55
185.849  374.471  56
290.328  398.934  57
21.566  408.986  58
290.656  408.643  59
263.044  410.363  60
37.981  414.790  61
303.454  418.621  62
236.836  419.720  63
99.818  428.051  64
266.720  429.999  65
308.991  450.890  66
63.433  458.055  67
253.182  464.452  68
290.063  481.413  69
255.538  495.452  70
263.019  496.531  71
173.949  500.521  72
