182.324  7.268  1
58.955  21.236  2
284.055  23.081  3
210.083  66.912  4
77.158  71.512  5
187.548  85.150  6
150.243  104.396  7
16.175  104.885  8
171.905  108.629  9
251.404  114.065  10
283.079  122.367  11
202.151  130.807  12
229.815  136.430  13
265.851  150.137  14
100.143  158.051  15
64.958  163.000  16
78.430  165.314  17
307.273  174.069  18
36.745  180.836  19
178.580  183.248  20
179.305  191.477  21
285.840  195.039  22
206.901  196.197  23
180.513  214.653  24
251.131  221.369  25
58.730  229.735  26
294.345  230.470  27
160.835  238.235  28
201.234  238.312  29
272.991  242.861  30
267.408  257.639  31
16.146  260.656  32
138.173  260.898  33
305.599  262.133  34
287.114  275.664  35
25.163  286.857  36
145.123  288.334  37
192.082  293.973  38
182.727  298.238  39
250.298  298.936  40
246.292  315.429  41
39.728  324.950  42
204.367  326.178  43
115.329  326.876  44
239.211  345.782  45
81.788  352.532  46
266.135  362.622  47
124.654  365.148  48
185.743  374.346  49
290.208  398.958  50
21.538  409.036  51
37.926  414.793  52
303.587  418.853  53
99.782  428.135  54
266.721  429.981  55
308.833  450.839  56
63.257  457.968  57
253.247  464.557  58
289.923  481.726  59
255.467  495.735  60
