187.431  6.762  1
64.136  20.806  2
289.164  22.705  3
227.560  47.135  4
215.153  66.548  5
82.370  71.025  6
167.834  76.198  7
192.622  84.678  8
155.430  103.964  9
21.314  104.408  10
176.970  108.257  11
256.634  113.373  12
288.039  121.739  13
298.178  123.062  14
207.231  130.125  15
234.873  135.951  16
270.950  149.753  17
70.055  162.693  18
83.581  164.916  19
200.273  172.061  20
312.319  173.588  21
251.691  175.753  22
194.668  177.289  23
41.989  180.556  24
183.758  182.709  25
184.368  190.927  26
290.786  194.672  27
212.046  195.705  28
185.649  214.247  29
256.466  221.116  30
63.818  229.038  31
299.367  229.992  32
165.976  237.731  33
206.274  237.802  34
278.106  242.320  35
272.537  257.487  36
21.408  259.977  37
143.415  260.260  38
310.575  261.699  39
292.252  275.194  40
30.411  286.454  41
150.275  287.761  42
197.259  293.325  43
187.887  297.408  44
255.269  298.187  45
45.044  324.275  46
209.509  325.638  47
244.157  345.116  48
271.258  362.240  49
129.965  364.393  50
191.058  373.973  51
295.465  398.300  52
295.651  407.809  53
26.793  408.462  54
268.159  409.767  55
43.138  414.090  56
257.983  417.794  57
308.624  418.156  58
241.979  419.252  59
104.987  427.441  60
271.976  429.341  61
314.425  450.230  62
68.761  457.478  63
258.534  463.684  64
295.083  480.899  65
260.736  495.174  66
