182.323  7.241  1
58.975  21.240  2
284.050  23.145  3
222.379  47.646  4
311.658  61.970  5
209.999  66.964  6
77.157  71.461  7
187.531  85.141  8
150.267  104.493  9
16.181  104.925  10
171.894  108.597  11
251.558  114.009  12
282.842  122.416  13
202.202  130.802  14
229.791  136.463  15
265.888  150.067  16
64.872  163.031  17
78.442  165.295  18
307.335  174.107  19
36.781  180.857  20
178.566  182.861  21
179.319  191.452  22
285.753  194.926  23
206.792  196.113  24
180.447  214.637  25
58.803  229.450  26
294.320  230.522  27
160.860  238.235  28
201.189  238.446  29
272.988  242.940  30
267.431  257.802  31
16.179  260.570  32
138.277  260.852  33
287.141  275.655  34
145.148  288.311  35
192.200  293.935  36
182.787  298.140  37
39.806  324.902  38
204.372  326.160  39
266.072  362.741  40
124.726  365.072  41
290.328  398.934  42
21.566  408.986  43
37.981  414.790  44
99.818  428.051  45
266.720  429.999  46
308.991  450.890  47
290.063  481.413  48
255.538  495.452  49
