182.323  7.241  1
58.975  21.240  2
284.050  23.145  3
222.379  47.646  4
311.658  61.970  5
209.999  66.964  6
77.157  71.461  7
187.531  85.141  8
150.267  104.493  9
16.181  104.925  10
171.894  108.597  11
251.558  114.009  12
282.842  122.416  13
202.202  130.802  14
229.791  136.463  15
265.888  150.067  16
64.872  163.031  17
78.442  165.295  18
195.039  172.365  19
307.335  174.107  20
36.781  180.857  21
178.566  182.861  22
10.448  184.599  23
179.319  191.452  24
285.753  194.926  25
206.792  196.113  26
180.447  214.637  27
251.367  221.512  28
58.803  229.450  29
294.320  230.522  30
160.860  238.235  31
201.189  238.446  32
272.988  242.940  33
267.431  257.802  34
16.179  260.570  35
138.277  260.852  36
305.375  262.189  37
287.141  275.655  38
25.343  286.809  39
145.148  288.311  40
192.200  293.935  41
182.787  298.140  42
39.806  324.902  43
204.372  326.160  44
115.225  327.009  45
266.072  362.741  46
124.726  365.072  47
185.849  374.471  48
290.328  398.934  49
21.566  408.986  50
263.044  410.363  51
37.981  414.790  52
303.454  418.621  53
236.836  419.720  54
99.818  428.051  55
266.720  429.999  56
308.991  450.890  57
63.433  458.055  58
253.182  464.452  59
290.063  481.413  60
255.538  495.452  61
263.019  496.531  62
