182.324  7.268  1
58.955  21.236  2
284.055  23.081  3
77.158  71.512  4
187.548  85.150  5
150.243  104.396  6
16.175  104.885  7
171.905  108.629  8
283.079  122.367  9
202.151  130.807  10
229.815  136.430  11
265.851  150.137  12
64.958  163.000  13
78.430  165.314  14
307.273  174.069  15
36.745  180.836  16
178.580  183.248  17
179.305  191.477  18
206.901  196.197  19
180.513  214.653  20
58.730  229.735  21
294.345  230.470  22
160.835  238.235  23
201.234  238.312  24
272.991  242.861  25
267.408  257.639  26
16.146  260.656  27
138.173  260.898  28
305.599  262.133  29
287.114  275.664  30
145.123  288.334  31
182.727  298.238  32
39.728  324.950  33
204.367  326.178  34
266.135  362.622  35
124.654  365.148  36
185.743  374.346  37
290.208  398.958  38
21.538  409.036  39
37.926  414.793  40
99.782  428.135  41
266.721  429.981  42
63.257  457.968  43
253.247  464.557  44
289.923  481.726  45
255.467  495.735  46
