186.928  5.081  1
312.971  8.067  2
217.587  16.804  3
252.524  17.523  4
63.645  19.146  5
288.709  20.875  6
43.620  23.698  7
283.323  23.743  8
18.111  26.531  9
220.100  28.809  10
162.096  28.129  11
301.135  32.718  12
59.559  33.938  13
176.163  42.108  14
184.235  42.323  15
227.026  45.400  16
248.771  49.519  17
309.734  49.901  18
238.927  53.595  19
269.089  58.524  20
214.682  64.686  21
132.904  66.883  22
81.909  69.369  23
189.784  68.422  24
230.192  69.584  25
152.266  70.335  26
295.818  70.809  27
196.440  72.463  28
99.042  74.734  29
167.391  74.518  30
207.625  82.678  31
304.271  81.708  32
192.107  82.943  33
32.623  83.608  34
238.845  86.677  35
110.520  88.729  36
65.462  93.704  37
99.914  92.724  38
207.749  94.035  39
50.772  99.089  40
154.889  102.212  41
20.912  102.676  42
87.894  103.998  43
182.524  104.104  44
302.985  104.148  45
138.900  105.041  46
176.381  106.463  47
243.566  108.467  48
302.771  108.121  49
206.800  110.945  50
138.337  112.616  51
256.063  111.674  52
210.850  115.163  53
141.785  116.459  54
192.971  118.765  55
287.544  120.038  56
205.616  120.675  57
297.506  121.223  58
180.661  124.809  59
277.386  125.085  60
93.118  126.567  61
31.616  127.700  62
101.580  128.201  63
290.002  127.936  64
297.470  128.213  65
206.640  128.542  66
306.997  131.822  67
104.149  134.751  68
234.344  134.209  69
308.486  146.364  70
192.940  148.269  71
270.447  148.174  72
231.307  149.194  73
123.347  153.006  74
25.199  153.410  75
116.963  155.451  76
192.981  158.391  77
59.283  160.168  78
69.428  160.943  79
132.105  162.378  80
83.076  163.166  81
196.393  165.176  82
199.717  170.147  83
311.894  171.846  84
204.526  173.728  85
251.291  174.034  86
194.102  175.626  87
84.405  177.996  88
41.608  178.770  89
297.640  178.517  90
175.057  180.086  91
183.121  180.660  92
15.118  182.580  93
168.202  184.169  94
242.909  183.883  95
287.037  187.225  96
297.503  186.634  97
183.789  189.155  98
70.809  191.534  99
193.414  192.418  100
290.498  192.694  101
211.456  193.941  102
250.896  196.438  103
285.088  197.321  104
233.442  197.345  105
298.661  209.435  106
185.086  212.387  107
274.540  214.553  108
225.208  219.753  109
255.905  219.319  110
146.053  221.654  111
63.473  227.379  112
298.817  228.176  113
311.025  228.811  114
180.398  233.219  115
234.795  234.116  116
165.455  235.997  117
205.687  236.033  118
304.148  234.970  119
277.627  240.458  120
90.410  247.956  121
264.886  248.450  122
4.451  249.956  123
57.015  253.398  124
296.311  254.458  125
272.122  255.670  126
20.884  258.262  127
142.941  258.634  128
182.832  258.303  129
189.883  259.634  130
204.808  259.466  131
310.006  259.782  132
156.609  262.123  133
74.753  263.823  134
219.513  268.202  135
246.541  267.596  136
307.172  267.404  137
121.367  269.294  138
147.237  269.846  139
284.500  269.501  140
130.193  271.044  141
291.632  273.490  142
126.072  278.854  143
197.814  278.368  144
30.049  284.528  145
43.732  284.811  146
277.342  285.363  147
149.712  286.064  148
244.168  289.085  149
196.833  291.677  150
10.160  294.720  151
289.721  294.448  152
187.355  295.750  153
225.201  295.575  154
254.764  296.603  155
298.324  299.048  156
21.654  302.087  157
208.274  303.287  158
284.528  305.450  159
252.573  307.539  160
44.088  310.055  161
211.858  309.953  162
226.748  310.433  163
281.629  310.099  164
60.831  312.434  165
142.602  312.211  166
86.033  314.368  167
14.567  318.324  168
312.897  319.263  169
44.450  322.618  170
61.854  323.593  171
208.906  323.845  172
286.842  323.688  173
24.717  324.594  174
119.888  324.958  175
138.075  328.483  176
310.594  328.917  177
64.855  332.743  178
276.149  339.678  179
243.809  343.621  180
170.926  346.635  181
242.134  347.750  182
181.931  349.275  183
85.192  349.985  184
250.250  354.082  185
115.227  355.661  186
270.624  360.480  187
129.402  362.603  188
251.337  367.211  189
156.719  369.956  190
190.444  372.238  191
263.677  380.099  192
236.143  380.781  193
229.354  381.488  194
265.687  381.601  195
40.057  384.514  196
121.235  391.832  197
202.041  394.818  198
61.075  395.572  199
294.832  396.661  200
104.398  402.179  201
203.897  402.937  202
311.452  403.036  203
209.940  404.876  204
295.071  406.300  205
26.312  406.691  206
267.393  408.344  207
66.365  410.614  208
68.638  411.116  209
42.757  412.421  210
233.364  413.271  211
257.252  416.022  212
307.988  416.390  213
125.593  418.274  214
187.469  416.700  215
241.523  417.407  216
269.109  422.517  217
104.378  425.703  218
241.233  427.834  219
271.344  427.684  220
278.940  429.535  221
56.859  432.674  222
305.942  433.417  223
85.696  433.380  224
286.842  438.718  225
28.294  442.606  226
250.548  443.529  227
313.382  448.635  228
4.172  449.676  229
74.775  450.030  230
124.628  450.946  231
170.150  453.543  232
284.246  453.676  233
68.097  455.710  234
309.055  458.272  235
69.605  460.563  236
257.822  462.295  237
37.832  465.240  238
164.397  469.651  239
76.816  471.533  240
195.855  475.161  241
254.074  475.252  242
307.086  475.898  243
294.425  479.307  244
219.824  481.033  245
279.748  482.998  246
288.508  487.902  247
276.701  488.428  248
245.364  489.543  249
259.960  493.267  250
307.124  492.633  251
178.540  498.427  252
308.895  499.912  253
101.668  505.890  254
