182.324  7.268  1
58.955  21.236  2
77.158  71.512  3
187.548  85.150  4
171.905  108.629  5
202.151  130.807  6
229.815  136.430  7
307.273  174.069  8
36.745  180.836  9
179.305  191.477  10
206.901  196.197  11
180.513  214.653  12
58.730  229.735  13
294.345  230.470  14
160.835  238.235  15
201.234  238.312  16
16.146  260.656  17
138.173  260.898  18
287.114  275.664  19
145.123  288.334  20
182.727  298.238  21
39.728  324.950  22
204.367  326.178  23
266.135  362.622  24
124.654  365.148  25
290.208  398.958  26
21.538  409.036  27
37.926  414.793  28
99.782  428.135  29
266.721  429.981  30
289.923  481.726  31
255.467  495.735  32
