186.928  5.081  1
312.971  8.067  2
217.587  16.804  3
63.645  19.146  4
288.709  20.875  5
18.111  26.531  6
301.135  32.718  7
184.235  42.323  8
227.026  45.400  9
248.771  49.519  10
269.089  58.524  11
214.682  64.686  12
132.904  66.883  13
81.909  69.369  14
189.784  68.422  15
230.192  69.584  16
295.818  70.809  17
196.440  72.463  18
167.391  74.518  19
207.625  82.678  20
192.107  82.943  21
32.623  83.608  22
238.845  86.677  23
110.520  88.729  24
154.889  102.212  25
20.912  102.676  26
87.894  103.998  27
182.524  104.104  28
176.381  106.463  29
206.800  110.945  30
138.337  112.616  31
256.063  111.674  32
210.850  115.163  33
141.785  116.459  34
192.971  118.765  35
287.544  120.038  36
297.506  121.223  37
93.118  126.567  38
101.580  128.201  39
297.470  128.213  40
206.640  128.542  41
104.149  134.751  42
234.344  134.209  43
308.486  146.364  44
270.447  148.174  45
231.307  149.194  46
69.428  160.943  47
132.105  162.378  48
83.076  163.166  49
196.393  165.176  50
199.717  170.147  51
311.894  171.846  52
251.291  174.034  53
194.102  175.626  54
84.405  177.996  55
41.608  178.770  56
297.640  178.517  57
183.121  180.660  58
15.118  182.580  59
183.789  189.155  60
70.809  191.534  61
193.414  192.418  62
290.498  192.694  63
211.456  193.941  64
250.896  196.438  65
285.088  197.321  66
298.661  209.435  67
185.086  212.387  68
274.540  214.553  69
255.905  219.319  70
63.473  227.379  71
298.817  228.176  72
311.025  228.811  73
234.795  234.116  74
165.455  235.997  75
205.687  236.033  76
277.627  240.458  77
264.886  248.450  78
57.015  253.398  79
296.311  254.458  80
272.122  255.670  81
20.884  258.262  82
142.941  258.634  83
310.006  259.782  84
156.609  262.123  85
74.753  263.823  86
147.237  269.846  87
291.632  273.490  88
30.049  284.528  89
277.342  285.363  90
149.712  286.064  91
196.833  291.677  92
187.355  295.750  93
225.201  295.575  94
254.764  296.603  95
208.274  303.287  96
226.748  310.433  97
281.629  310.099  98
142.602  312.211  99
86.033  314.368  100
312.897  319.263  101
44.450  322.618  102
208.906  323.845  103
119.888  324.958  104
138.075  328.483  105
276.149  339.678  106
243.809  343.621  107
181.931  349.275  108
85.192  349.985  109
270.624  360.480  110
129.402  362.603  111
190.444  372.238  112
263.677  380.099  113
265.687  381.601  114
202.041  394.818  115
61.075  395.572  116
294.832  396.661  117
104.398  402.179  118
203.897  402.937  119
209.940  404.876  120
295.071  406.300  121
26.312  406.691  122
267.393  408.344  123
66.365  410.614  124
68.638  411.116  125
42.757  412.421  126
257.252  416.022  127
307.988  416.390  128
241.523  417.407  129
104.378  425.703  130
271.344  427.684  131
278.940  429.535  132
56.859  432.674  133
305.942  433.417  134
28.294  442.606  135
250.548  443.529  136
313.382  448.635  137
74.775  450.030  138
124.628  450.946  139
170.150  453.543  140
68.097  455.710  141
69.605  460.563  142
257.822  462.295  143
164.397  469.651  144
254.074  475.252  145
294.425  479.307  146
276.701  488.428  147
259.960  493.267  148
178.540  498.427  149
308.895  499.912  150
101.668  505.890  151
