144.198  3.438  1
187.431  6.762  2
64.136  20.806  3
289.164  22.705  4
18.599  28.191  5
184.859  43.831  6
227.560  47.135  7
249.490  51.241  8
215.153  66.548  9
82.370  71.025  10
190.483  70.265  11
230.616  71.487  12
196.967  74.423  13
296.155  72.398  14
167.834  76.198  15
192.622  84.678  16
33.811  85.515  17
155.430  103.964  18
21.314  104.408  19
176.970  108.257  20
256.634  113.373  21
288.039  121.739  22
298.178  123.062  23
207.231  130.125  24
234.873  135.951  25
104.647  136.211  26
308.899  148.317  27
270.950  149.753  28
231.740  151.173  29
70.055  162.693  30
83.581  164.916  31
132.719  164.074  32
200.273  172.061  33
312.319  173.588  34
251.691  175.753  35
194.668  177.289  36
41.989  180.556  37
183.758  182.709  38
15.530  184.033  39
184.368  190.927  40
290.786  194.672  41
212.046  195.705  42
185.649  214.247  43
275.159  216.094  44
256.466  221.116  45
63.818  229.038  46
299.367  229.992  47
235.416  235.940  48
165.976  237.731  49
206.274  237.802  50
278.106  242.320  51
272.537  257.487  52
21.408  259.977  53
143.415  260.260  54
310.575  261.699  55
74.992  265.884  56
292.252  275.194  57
30.411  286.454  58
150.275  287.761  59
277.797  287.076  60
197.259  293.325  61
187.887  297.408  62
225.946  297.257  63
255.269  298.187  64
227.004  311.906  65
313.238  321.359  66
45.044  324.275  67
209.509  325.638  68
120.387  326.518  69
276.458  341.502  70
244.157  345.116  71
271.258  362.240  72
129.965  364.393  73
191.058  373.973  74
295.465  398.300  75
295.651  407.809  76
26.793  408.462  77
268.159  409.767  78
43.138  414.090  79
257.983  417.794  80
308.624  418.156  81
241.979  419.252  82
104.987  427.441  83
271.976  429.341  84
287.578  440.976  85
314.425  450.230  86
170.920  455.270  87
68.761  457.478  88
258.534  463.684  89
254.789  476.719  90
295.083  480.899  91
260.736  495.174  92
