182.323  7.241  1
58.975  21.240  2
284.050  23.145  3
222.379  47.646  4
311.658  61.970  5
209.999  66.964  6
77.157  71.461  7
225.649  71.886  8
291.193  73.169  9
159.531  80.970  10
187.531  85.141  11
150.267  104.493  12
16.181  104.925  13
171.894  108.597  14
251.558  114.009  15
282.842  122.416  16
292.969  123.700  17
202.202  130.802  18
229.791  136.463  19
303.926  148.766  20
265.888  150.067  21
226.589  151.303  22
64.872  163.031  23
127.486  164.416  24
78.442  165.295  25
195.039  172.365  26
307.335  174.107  27
189.585  177.917  28
246.748  176.132  29
36.781  180.857  30
178.566  182.861  31
10.448  184.599  32
179.319  191.452  33
285.753  194.926  34
206.792  196.113  35
180.447  214.637  36
251.367  221.512  37
313.648  226.606  38
58.803  229.450  39
294.320  230.522  40
160.860  238.235  41
201.189  238.446  42
272.988  242.940  43
267.431  257.802  44
16.179  260.570  45
138.277  260.852  46
305.375  262.189  47
287.141  275.655  48
25.343  286.809  49
145.148  288.311  50
192.200  293.935  51
182.787  298.140  52
250.283  298.926  53
222.001  312.915  54
308.428  321.920  55
39.806  324.902  56
204.372  326.160  57
115.225  327.009  58
271.954  342.232  59
239.273  346.028  60
266.072  362.741  61
124.726  365.072  62
185.849  374.471  63
261.218  384.098  64
290.328  398.934  65
21.566  408.986  66
290.656  408.643  67
263.044  410.363  68
37.981  414.790  69
252.580  418.357  70
303.454  418.621  71
236.836  419.720  72
99.818  428.051  73
266.720  429.999  74
308.991  450.890  75
120.000  453.225  76
63.433  458.055  77
253.182  464.452  78
249.618  477.345  79
290.063  481.413  80
255.538  495.452  81
263.019  496.531  82
173.949  500.521  83
