186.928  5.081  1
63.645  19.146  2
288.709  20.875  3
18.111  26.531  4
184.235  42.323  5
227.026  45.400  6
248.771  49.519  7
214.682  64.686  8
81.909  69.369  9
189.784  68.422  10
230.192  69.584  11
295.818  70.809  12
192.107  82.943  13
154.889  102.212  14
20.912  102.676  15
176.381  106.463  16
256.063  111.674  17
287.544  120.038  18
297.506  121.223  19
206.640  128.542  20
234.344  134.209  21
270.447  148.174  22
231.307  149.194  23
69.428  160.943  24
132.105  162.378  25
83.076  163.166  26
199.717  170.147  27
311.894  171.846  28
251.291  174.034  29
194.102  175.626  30
41.608  178.770  31
183.121  180.660  32
15.118  182.580  33
183.789  189.155  34
290.498  192.694  35
211.456  193.941  36
185.086  212.387  37
255.905  219.319  38
63.473  227.379  39
298.817  228.176  40
234.795  234.116  41
165.455  235.997  42
205.687  236.033  43
277.627  240.458  44
272.122  255.670  45
20.884  258.262  46
142.941  258.634  47
310.006  259.782  48
291.632  273.490  49
30.049  284.528  50
149.712  286.064  51
196.833  291.677  52
187.355  295.750  53
225.201  295.575  54
254.764  296.603  55
312.897  319.263  56
44.450  322.618  57
208.906  323.845  58
119.888  324.958  59
243.809  343.621  60
270.624  360.480  61
129.402  362.603  62
190.444  372.238  63
294.832  396.661  64
295.071  406.300  65
26.312  406.691  66
267.393  408.344  67
42.757  412.421  68
257.252  416.022  69
307.988  416.390  70
241.523  417.407  71
104.378  425.703  72
271.344  427.684  73
313.382  448.635  74
124.628  450.946  75
68.097  455.710  76
257.822  462.295  77
254.074  475.252  78
294.425  479.307  79
259.960  493.267  80
101.668  505.890  81
