14.280  0.010
17.952  0.160
13.448  0.006
17.007  0.070
18.011  0.161
17.605  0.113
17.409  0.092
17.339  0.095
17.806  0.143
17.410  0.104
17.243  0.090
15.901  0.028
17.718  0.136
17.503  0.105
16.975  0.077
17.820  0.138
12.977  0.005
17.946  0.160
16.841  0.060
16.926  0.065
16.573  0.047
17.189  0.082
17.553  0.109
18.283  0.226
17.203  0.085
17.477  0.105
16.871  0.062
17.529  0.110
13.757  0.007
17.770  0.135
17.274  0.085
17.709  0.139
18.822  0.350
19.143  0.480
17.094  0.072
16.749  0.058
17.589  0.116
17.180  0.085
15.731  0.026
17.356  0.093
17.397  0.109
18.617  0.283
16.507  0.043
20.245  1.301
14.881  0.015
17.516  0.104
12.908  0.004
18.642  0.292
16.891  0.066
16.725  0.055
16.181  0.036
18.522  0.257
17.244  0.083
16.760  0.054
14.253  0.009
17.101  0.081
15.448  0.019
16.737  0.055
17.112  0.079
17.076  0.076
13.435  0.006
16.105  0.033
17.033  0.073
16.407  0.043
17.106  0.072
17.894  0.149
14.335  0.010
17.060  0.074
16.676  0.052
17.786  0.138
17.081  0.073
17.612  0.118
17.660  0.118
19.049  0.407
17.445  0.104
14.630  0.012
14.502  0.011
17.470  0.106
17.125  0.074
17.838  0.141
17.949  0.151
16.689  0.051
16.165  0.033
17.003  0.067
17.740  0.125
17.820  0.143
18.273  0.209
16.446  0.045
17.516  0.105
16.926  0.072
16.478  0.045
17.532  0.116
16.926  0.064
16.926  0.064
16.351  0.041
17.631  0.129
17.155  0.078
17.373  0.097
14.219  0.009
20.053  1.000
16.419  0.044
17.048  0.074
18.438  0.236
18.114  0.175
16.788  0.060
17.349  0.090
18.026  0.165
16.747  0.052
17.073  0.073
17.668  0.121
17.643  0.131
16.456  0.044
17.426  0.100
16.705  0.057
17.392  0.096
