13.370  0.008
16.674  0.138
17.112  0.209
17.315  0.268
13.061  0.007
15.716  0.057
17.384  0.274
18.804  0.973
12.920  0.006
17.224  0.224
12.897  0.006
16.930  0.166
16.672  0.141
17.386  0.263
16.426  0.109
16.553  0.129
16.422  0.113
13.676  0.011
16.921  0.172
13.994  0.013
17.199  0.227
17.331  0.261
16.300  0.097
15.893  0.065
16.612  0.120
16.527  0.128
16.956  0.175
16.393  0.102
12.824  0.006
12.817  0.006
16.243  0.091
16.368  0.110
16.163  0.092
18.449  0.687
16.599  0.120
14.194  0.017
15.502  0.047
16.825  0.150
16.713  0.153
16.177  0.090
16.007  0.074
16.281  0.099
16.951  0.179
14.287  0.017
17.340  0.255
15.870  0.064
16.058  0.077
18.339  0.659
16.864  0.166
17.020  0.192
17.874  0.422
14.569  0.020
14.474  0.019
17.346  0.248
16.852  0.153
17.651  0.315
16.410  0.107
16.100  0.080
16.898  0.163
17.733  0.350
16.002  0.073
16.114  0.082
16.339  0.110
16.057  0.078
15.941  0.071
16.489  0.117
14.220  0.016
15.937  0.071
16.080  0.086
17.051  0.190
16.413  0.103
16.430  0.109
16.438  0.105
15.965  0.075
15.845  0.073
