0.808  18.693
0.008  13.382
0.131  16.732 
0.246  17.473
0.205  17.200
0.355  17.794
0.448  17.984
0.007  13.139
0.057  15.827
0.380  17.852
0.445  18.085
0.006  12.930
0.242  17.431
0.006  12.904
1.552  19.433
0.125  16.715
0.107  16.504
0.230  17.353
0.146  16.890 
0.223  17.317
0.106  16.494
0.120  16.604
0.109  16.510
0.161  16.954
0.010  13.679
0.169  17.028
0.014  14.163
0.179  17.035
0.364  17.819
0.091  16.339
0.069  16.036
0.143  16.880
0.143  16.767
0.178  17.094
0.015  14.161
0.152  16.897
0.094  16.434
0.334  17.740
0.005  12.827
0.005  12.826
3.604  20.366
0.082  16.225
0.119  16.592
0.076  16.097
1.667  19.568
0.279  17.582
0.123  16.715
0.015  14.197
0.040  15.478
0.111  16.581
0.124  16.604
0.088  16.268
0.061  15.918
0.083  16.191
0.174  17.077
0.269  17.495
0.016  14.308
0.064  15.956
0.064  15.961
0.402  17.932
0.151  16.890
0.237  17.374
0.161  16.960
0.317  17.725
0.019  14.581
0.017  14.453
0.284  17.579
0.131  16.786
0.276  17.583
0.277  17.619
0.110  16.552
0.070  16.070
0.164  17.015
0.229  17.393
0.262  17.493
0.228  17.328
0.066  15.972
0.106  16.552
0.061  15.849
0.086  16.283
0.106  16.412
0.141  16.821
0.141  16.821
0.083  16.225
0.083  16.201
0.132  16.748
0.015  14.210
0.817  18.791
0.074  16.082
0.066  15.931
1.177  19.120
0.095  16.442
0.186  17.144
0.359  17.879
0.101  16.517
0.106  16.499
0.147  16.906
0.116  16.604
0.131  16.679
0.069  15.983
0.064  15.889