17.618  0.258
13.403  0.007
16.994  0.147
17.746  0.283
17.306  0.179
17.218  0.182
17.438  0.224
18.769  0.783
14.798  0.023
15.894  0.054
17.899  0.352
17.317  0.190
13.232  0.007
17.829  0.304
12.935  0.006
18.163  0.427
16.741  0.115
16.679  0.109
16.370  0.081
17.063  0.155
17.043  0.148
20.857  5.342
16.661  0.111
16.630  0.105
16.841  0.128
17.187  0.174
13.704  0.009
17.861  0.324
17.051  0.148
16.423  0.096
18.363  0.513
18.451  0.567
16.921  0.131
16.511  0.098
17.164  0.171
16.961  0.149
17.032  0.148
15.910  0.063
18.440  0.534
16.543  0.090
19.314  1.241
12.874  0.006
12.845  0.005
18.986  0.888
16.365  0.086
16.758  0.118
16.133  0.069
18.347  0.483
17.062  0.150
16.703  0.106
14.210  0.014
15.406  0.032
16.604  0.100
16.968  0.147
16.651  0.111
13.407  0.007
15.957  0.056
16.706  0.118
16.299  0.079
17.037  0.142
18.081  0.386
14.310  0.014
16.300  0.080
15.979  0.058
17.975  0.357
17.048  0.149
17.442  0.220
17.692  0.264
18.110  0.384
14.609  0.018
14.448  0.016
17.567  0.251
16.739  0.110
17.439  0.214
17.718  0.266
16.659  0.102
15.999  0.056
16.814  0.119
17.359  0.191
17.026  0.152
17.843  0.311
15.899  0.056
16.858  0.125
15.912  0.062
16.521  0.095
17.022  0.159
16.788  0.118
16.788  0.118
16.324  0.080
17.228  0.196
17.220  0.176
17.554  0.251
14.197  0.013
19.016  0.863
16.260  0.078
16.010  0.062
18.451  0.526
16.647  0.101
17.118  0.157
18.265  0.450
16.490  0.085
17.167  0.168
17.402  0.206
17.029  0.164
18.613  0.667
16.018  0.061
16.012  0.060
16.402  0.092
